Multiple size <= 100
TEST 1 ARG:54 1 29 50 77 11 4 73 35 87 42 67 39 97 57 45 27 47 16 8 12 74 75 31 2 70 20 69 46 21 41 13 32 17 98 22 71 0 51 43 96 3 72 86 37 5 93 38 80 26 66 88 30 9 10 90 56 94 95 91 19 64 78 34 58 83 53 68 36 76 62 49 18 6 60 28 84 79 65 33 55 81 48 82 61 63 52 7 99 59 24 85 40 44 14 92 23 89 15 25
TEST 1 ARG:54 1 29 50 77 11 4 73 35 87 42 67 39 97 57 45 27 47 16 8 12 74 75 31 2 70 20 69 46 21 41 13 32 17 98 22 71 0 51 43 96 3 72 86 37 5 93 38 80 26 66 88 30 9 10 90 56 94 95 91 19 64 78 34 58 83 53 68 36 76 62 49 18 6 60 28 84 79 65 33 55 81 48 82 61 63 52 7 99 59 24 85 40 44 14 92 23 89 15 25
TEST 2 ARG:33 54 93 66 42 51 97 27 67 62 5 38 3 9 76 94 49 31 71 88 96 10 89 52 64 59 61 13 29 53 69 85 12 98 77 23 28 68 63 91 60 41 24 25 55 80 57 11 95 44 48 43 79 22 73 45 78 58 32 6 16 8 81 39 90 14 30 20 50 40 36 34 15 0 37 84 19 65 7 26 2 17 1 87 83 18 70 74 35 46 47 75 56 21 86 82 4 72 92 99
TEST 2 ARG:33 54 93 66 42 51 97 27 67 62 5 38 3 9 76 94 49 31 71 88 96 10 89 52 64 59 61 13 29 53 69 85 12 98 77 23 28 68 63 91 60 41 24 25 55 80 57 11 95 44 48 43 79 22 73 45 78 58 32 6 16 8 81 39 90 14 30 20 50 40 36 34 15 0 37 84 19 65 7 26 2 17 1 87 83 18 70 74 35 46 47 75 56 21 86 82 4 72 92 99
TEST 3 ARG:83 70 34 93 35 25 76 11 37 88 68 56 95 4 45 42 72 43 57 18 67 44 6 59 78 80 15 29 47 23 52 9 2 19 20 97 92 10 65 84 91 49 73 81 31 14 98 82 46 51 71 26 3 77 41 66 90 22 32 7 33 40 27 62 94 89 79 61 58 1 16 54 12 64 69 50 30 48 55 60 5 13 17 87 75 28 39 8 53 99 74 96 21 36 85 86 38 63 24 0
TEST 3 ARG:83 70 34 93 35 25 76 11 37 88 68 56 95 4 45 42 72 43 57 18 67 44 6 59 78 80 15 29 47 23 52 9 2 19 20 97 92 10 65 84 91 49 73 81 31 14 98 82 46 51 71 26 3 77 41 66 90 22 32 7 33 40 27 62 94 89 79 61 58 1 16 54 12 64 69 50 30 48 55 60 5 13 17 87 75 28 39 8 53 99 74 96 21 36 85 86 38 63 24 0
TEST 4 ARG:76 98 18 97 5 82 65 59 2 54 91 89 41 6 40 45 67 12 35 43 86 29 50 66 49 39 93 70 3 85 37 99 17 57 80 64 27 72 31 63 96 33 71 47 68 46 42 51 8 75 16 0 10 83 73 79 81 88 4 84 23 94 56 14 95 53 13 90 87 38 69 26 52 20 34 92 44 32 30 11 28 1 15 19 61 60 24 55 77 25 7 22 78 36 62 21 58 9 74 48
TEST 4 ARG:76 98 18 97 5 82 65 59 2 54 91 89 41 6 40 45 67 12 35 43 86 29 50 66 49 39 93 70 3 85 37 99 17 57 80 64 27 72 31 63 96 33 71 47 68 46 42 51 8 75 16 0 10 83 73 79 81 88 4 84 23 94 56 14 95 53 13 90 87 38 69 26 52 20 34 92 44 32 30 11 28 1 15 19 61 60 24 55 77 25 7 22 78 36 62 21 58 9 74 48
TEST 5 ARG:92 69 44 98 51 12 42 17 25 49 14 43 55 64 54 63 41 79 34 84 15 37 6 80 47 48 94 40 73 82 74 26 58 77 10 97 30 72 89 57 59 53 19 52 39 96 24 0 23 66 78 9 75 68 13 99 33 62 86 38 81 20 71 76 28 1 90 18 21 27 95 87 22 61 4 32 31 3 56 67 91 83 65 29 5 93 35 46 50 88 45 2 85 16 8 36 11 7 60 70
TEST 5 ARG:92 69 44 98 51 12 42 17 25 49 14 43 55 64 54 63 41 79 34 84 15 37 6 80 47 48 94 40 73 82 74 26 58 77 10 97 30 72 89 57 59 53 19 52 39 96 24 0 23 66 78 9 75 68 13 99 33 62 86 38 81 20 71 76 28 1 90 18 21 27 95 87 22 61 4 32 31 3 56 67 91 83 65 29 5 93 35 46 50 88 45 2 85 16 8 36 11 7 60 70
TEST 6 ARG:49 15 72 47 60 50 53 63 8 52 98 87 37 71 28 38 76 93 96 65 91 81 86 22 80 88 10 97 55 57 25 14 51 82 74 59 44 27 70 7 3 13 24 89 43 42 23 17 11 66 75 78 6 64 73 0 16 94 2 35 99 58 36 77 56 95 5 39 31 92 61 29 46 12 4 41 34 54 68 90 62 67 1 69 21 26 33 19 18 32 40 79 45 30 85 48 83 9 84 20
TEST 6 ARG:49 15 72 47 60 50 53 63 8 52 98 87 37 71 28 38 76 93 96 65 91 81 86 22 80 88 10 97 55 57 25 14 51 82 74 59 44 27 70 7 3 13 24 89 43 42 23 17 11 66 75 78 6 64 73 0 16 94 2 35 99 58 36 77 56 95 5 39 31 92 61 29 46 12 4 41 34 54 68 90 62 67 1 69 21 26 33 19 18 32 40 79 45 30 85 48 83 9 84 20
TEST 7 ARG:0 80 9 10 2 65 84 46 85 8 42 19 60 92 52 49 70 29 38 68 62 32 40 78 41 93 20 64 71 51 47 39 56 48 15 83 44 24 74 67 50 45 54 1 66 98 53 16 99 12 31 21 35 90 18 76 87 55 13 34 81 3 86 61 23 26 58 4 5 27 95 75 36 37 91 79 94 33 22 14 11 28 30 63 69 43 17 6 59 97 73 25 88 96 72 57 7 77 89 82
TEST 7 ARG:0 80 9 10 2 65 84 46 85 8 42 19 60 92 52 49 70 29 38 68 62 32 40 78 41 93 20 64 71 51 47 39 56 48 15 83 44 24 74 67 50 45 54 1 66 98 53 16 99 12 31 21 35 90 18 76 87 55 13 34 81 3 86 61 23 26 58 4 5 27 95 75 36 37 91 79 94 33 22 14 11 28 30 63 69 43 17 6 59 97 73 25 88 96 72 57 7 77 89 82
TEST 8 ARG:21 15 52 6 26 11 91 30 0 45 89 79 27 49 46 17 18 29 14 70 19 67 28 69 3 2 44 64 59 43 77 57 90 33 38 74 10 36 8 78 86 22 12 5 55 23 56 85 98 7 68 50 39 4 13 94 82 1 48 35 54 95 93 83 16 99 65 60 31 37 88 42 9 32 62 75 72 80 24 66 41 61 92 97 51 40 81 34 71 25 73 58 84 96 76 53 87 47 20 63
TEST 8 ARG:21 15 52 6 26 11 91 30 0 45 89 79 27 49 46 17 18 29 14 70 19 67 28 69 3 2 44 64 59 43 77 57 90 33 38 74 10 36 8 78 86 22 12 5 55 23 56 85 98 7 68 50 39 4 13 94 82 1 48 35 54 95 93 83 16 99 65 60 31 37 88 42 9 32 62 75 72 80 24 66 41 61 92 97 51 40 81 34 71 25 73 58 84 96 76 53 87 47 20 63
TEST 9 ARG:42 49 36 44 98 34 27 32 12 11 93 96 41 17 92 15 79 86 84 2 74 76 3 8 19 57 1 4 51 99 95 9 50 24 56 45 72 61 91 40 26 33 25 14 6 13 30 46 62 63 5 80 67 29 47 54 94 55 73 60 65 23 53 52 77 16 85 28 69 35 68 71 58 70 66 22 82 97 38 43 0 7 78 31 64 39 90 75 20 18 88 81 21 83 37 10 48 59 89 87
TEST 9 ARG:42 49 36 44 98 34 27 32 12 11 93 96 41 17 92 15 79 86 84 2 74 76 3 8 19 57 1 4 51 99 95 9 50 24 56 45 72 61 91 40 26 33 25 14 6 13 30 46 62 63 5 80 67 29 47 54 94 55 73 60 65 23 53 52 77 16 85 28 69 35 68 71 58 70 66 22 82 97 38 43 0 7 78 31 64 39 90 75 20 18 88 81 21 83 37 10 48 59 89 87
TEST 10 ARG:52 65 27 11 70 15 0 28 51 92 13 22 96 76 87 58 10 66 56 46 63 79 9 67 59 77 98 38 17 43 6 1 97 39 24 95 41 44 85 30 64 12 40 7 82 78 29 61 25 3 20 73 48 86 72 4 16 5 88 45 89 91 47 37 2 50 94 60 54 81 34 75 62 31 90 23 99 33 55 21 71 36 68 57 8 74 19 18 84 69 35 14 42 32 53 93 49 26 83 80
TEST 10 ARG:52 65 27 11 70 15 0 28 51 92 13 22 96 76 87 58 10 66 56 46 63 79 9 67 59 77 98 38 17 43 6 1 97 39 24 95 41 44 85 30 64 12 40 7 82 78 29 61 25 3 20 73 48 86 72 4 16 5 88 45 89 91 47 37 2 50 94 60 54 81 34 75 62 31 90 23 99 33 55 21 71 36 68 57 8 74 19 18 84 69 35 14 42 32 53 93 49 26 83 80
TEST 11 ARG:63 39 19 27 86 52 90 65 88 17 5 29 0 21 30 33 50 59 44 95 16 98 84 10 13 3 22 53 82 60 62 38 36 51 58 40 81 6 31 87 99 37 76 26 92 18 41 57 35 68 8 24 42 94 15 73 61 83 75 45 1 23 43 4 66 56 7 20 34 46 2 9 91 47 25 48 89 12 67 64 70 72 79 55 85 97 49 78 32 54 11 80 96 69 74 93 28 77 14 71
TEST 11 ARG:63 39 19 27 86 52 90 65 88 17 5 29 0 21 30 33 50 59 44 95 16 98 84 10 13 3 22 53 82 60 62 38 36 51 58 40 81 6 31 87 99 37 76 26 92 18 41 57 35 68 8 24 42 94 15 73 61 83 75 45 1 23 43 4 66 56 7 20 34 46 2 9 91 47 25 48 89 12 67 64 70 72 79 55 85 97 49 78 32 54 11 80 96 69 74 93 28 77 14 71
TEST 12 ARG:12 68 10 73 81 2 23 46 95 21 43 27 50 91 90 79 59 82 15 67 28 45 55 71 47 49 33 75 60 41 44 56 53 13 61 6 89 72 34 78 25 48 65 30 35 0 29 52 9 63 87 76 18 38 1 32 14 83 8 62 98 92 96 69 97 64 40 36 77 42 85 7 24 22 70 54 4 84 3 66 86 94 26 5 17 11 57 16 31 58 20 39 37 99 74 19 80 88 93 51
TEST 12 ARG:12 68 10 73 81 2 23 46 95 21 43 27 50 91 90 79 59 82 15 67 28 45 55 71 47 49 33 75 60 41 44 56 53 13 61 6 89 72 34 78 25 48 65 30 35 0 29 52 9 63 87 76 18 38 1 32 14 83 8 62 98 92 96 69 97 64 40 36 77 42 85 7 24 22 70 54 4 84 3 66 86 94 26 5 17 11 57 16 31 58 20 39 37 99 74 19 80 88 93 51
TEST 13 ARG:82 12 91 57 1 73 6 84 61 99 3 15 76 79 14 25 43 2 59 88 68 74 23 20 89 66 54 78 98 58 94 48 39 0 5 32 90 29 8 93 92 72 28 17 16 64 81 30 10 7 85 52 31 38 40 27 62 75 4 11 18 35 21 19 42 96 22 24 41 33 37 56 77 34 44 45 46 67 95 80 53 86 60 97 71 49 87 9 55 51 50 26 36 13 47 70 63 69 83 65
TEST 13 ARG:82 12 91 57 1 73 6 84 61 99 3 15 76 79 14 25 43 2 59 88 68 74 23 20 89 66 54 78 98 58 94 48 39 0 5 32 90 29 8 93 92 72 28 17 16 64 81 30 10 7 85 52 31 38 40 27 62 75 4 11 18 35 21 19 42 96 22 24 41 33 37 56 77 34 44 45 46 67 95 80 53 86 60 97 71 49 87 9 55 51 50 26 36 13 47 70 63 69 83 65
TEST 14 ARG:96 59 54 5 36 0 90 57 45 43 22 76 84 4 17 48 78 85 27 98 29 60 92 55 37 26 31 2 25 99 40 28 41 46 73 69 23 3 38 35 11 95 9 6 77 14 87 18 61 10 7 88 66 53 71 63 65 13 70 62 33 83 79 68 19 93 8 80 32 50 20 58 16 44 86 74 30 67 24 89 39 97 72 21 56 42 94 49 12 34 51 52 15 82 91 47 75 64 81 1
TEST 14 ARG:96 59 54 5 36 0 90 57 45 43 22 76 84 4 17 48 78 85 27 98 29 60 92 55 37 26 31 2 25 99 40 28 41 46 73 69 23 3 38 35 11 95 9 6 77 14 87 18 61 10 7 88 66 53 71 63 65 13 70 62 33 83 79 68 19 93 8 80 32 50 20 58 16 44 86 74 30 67 24 89 39 97 72 21 56 42 94 49 12 34 51 52 15 82 91 47 75 64 81 1
TEST 15 ARG:91 4 27 86 26 44 57 76 42 92 20 75 65 89 62 98 48 93 45 7 79 81 82 64 67 55 6 25 0 31 77 74 53 14 38 50 35 70 94 28 85 46 41 99 73 84 2 24 21 39 52 37 83 17 32 19 54 43 51 63 66 10 5 33 47 11 29 95 12 40 3 49 30 36 87 9 15 34 13 59 61 90 22 71 72 56 80 88 23 8 78 1 58 97 60 68 16 96 18 69
TEST 15 ARG:91 4 27 86 26 44 57 76 42 92 20 75 65 89 62 98 48 93 45 7 79 81 82 64 67 55 6 25 0 31 77 74 53 14 38 50 35 70 94 28 85 46 41 99 73 84 2 24 21 39 52 37 83 17 32 19 54 43 51 63 66 10 5 33 47 11 29 95 12 40 3 49 30 36 87 9 15 34 13 59 61 90 22 71 72 56 80 88 23 8 78 1 58 97 60 68 16 96 18 69
TEST 16 ARG:36 53 0 83 69 20 24 46 25 68 60 19 11 6 75 70 84 34 59 28 33 88 45 38 85 79 94 76 17 35 50 7 96 47 93 5 99 15 52 98 41 39 80 97 81 32 8 22 66 14 12 2 48 67 63 82 92 58 51 16 72 43 62 4 37 56 3 95 55 21 44 65 64 18 61 23 86 90 31 49 73 10 91 30 13 1 27 57 40 77 74 42 54 89 78 26 29 87 71 9
TEST 16 ARG:36 53 0 83 69 20 24 46 25 68 60 19 11 6 75 70 84 34 59 28 33 88 45 38 85 79 94 76 17 35 50 7 96 47 93 5 99 15 52 98 41 39 80 97 81 32 8 22 66 14 12 2 48 67 63 82 92 58 51 16 72 43 62 4 37 56 3 95 55 21 44 65 64 18 61 23 86 90 31 49 73 10 91 30 13 1 27 57 40 77 74 42 54 89 78 26 29 87 71 9
TEST 17 ARG:33 83 50 74 49 79 27 23 36 70 1 77 55 5 65 47 97 92 69 18 71 8 61 43 98 7 11 56 35 90 31 30 80 14 73 89 54 9 17 2 59 26 10 95 84 48 4 57 88 45 62 78 46 25 24 64 38 20 34 53 13 67 58 37 42 22 85 91 12 44 72 28 40 76 93 29 66 51 82 86 96 81 87 16 68 21 75 39 15 94 41 99 63 32 0 60 19 52 3 6
TEST 17 ARG:33 83 50 74 49 79 27 23 36 70 1 77 55 5 65 47 97 92 69 18 71 8 61 43 98 7 11 56 35 90 31 30 80 14 73 89 54 9 17 2 59 26 10 95 84 48 4 57 88 45 62 78 46 25 24 64 38 20 34 53 13 67 58 37 42 22 85 91 12 44 72 28 40 76 93 29 66 51 82 86 96 81 87 16 68 21 75 39 15 94 41 99 63 32 0 60 19 52 3 6
TEST 18 ARG:13 83 95 50 29 3 16 5 62 47 67 22 8 72 69 46 88 0 77 36 23 87 80 19 34 39 21 4 66 53 33 65 10 7 14 28 79 59 11 15 49 82 64 78 44 25 30 32 90 2 84 81 55 86 58 91 85 60 6 27 56 54 38 51 73 40 17 41 94 35 42 75 74 37 18 68 43 1 20 89 93 96 63 9 52 48 31 76 26 61 24 92 12 97 71 57 70 99 45 98
TEST 18 ARG:13 83 95 50 29 3 16 5 62 47 67 22 8 72 69 46 88 0 77 36 23 87 80 19 34 39 21 4 66 53 33 65 10 7 14 28 79 59 11 15 49 82 64 78 44 25 30 32 90 2 84 81 55 86 58 91 85 60 6 27 56 54 38 51 73 40 17 41 94 35 42 75 74 37 18 68 43 1 20 89 93 96 63 9 52 48 31 76 26 61 24 92 12 97 71 57 70 99 45 98
TEST 19 ARG:61 37 70 23 14 20 27 83 35 98 51 50 69 92 5 73 87 85 75 53 33 48 99 6 9 45 43 55 29 11 30 71 80 91 97 74 63 79 57 47 28 0 76 82 81 77 26 72 78 15 41 65 66 96 64 90 86 89 62 46 25 88 68 31 84 52 67 34 10 49 32 21 54 93 16 56 19 42 38 7 8 24 3 17 40 59 12 4 60 44 58 94 1 13 95 36 22 2 18 39
TEST 19 ARG:61 37 70 23 14 20 27 83 35 98 51 50 69 92 5 73 87 85 75 53 33 48 99 6 9 45 43 55 29 11 30 71 80 91 97 74 63 79 57 47 28 0 76 82 81 77 26 72 78 15 41 65 66 96 64 90 86 89 62 46 25 88 68 31 84 52 67 34 10 49 32 21 54 93 16 56 19 42 38 7 8 24 3 17 40 59 12 4 60 44 58 94 1 13 95 36 22 2 18 39
TEST 20 ARG:89 32 54 44 59 14 84 81 61 53 60 45 65 19 75 9 35 88 0 77 39 55 97 70 93 82 41 73 18 63 92 28 21 95 50 3 91 71 98 49 34 27 57 58 51 33 47 38 30 48 11 6 1 66 12 8 83 40 10 24 42 2 62 22 86 99 43 29 26 67 23 74 16 52 68 20 96 46 15 7 76 5 94 4 69 36 78 17 90 13 79 56 37 72 31 80 85 87 25 64
TEST 20 ARG:89 32 54 44 59 14 84 81 61 53 60 45 65 19 75 9 35 88 0 77 39 55 97 70 93 82 41 73 18 63 92 28 21 95 50 3 91 71 98 49 34 27 57 58 51 33 47 38 30 48 11 6 1 66 12 8 83 40 10 24 42 2 62 22 86 99 43 29 26 67 23 74 16 52 68 20 96 46 15 7 76 5 94 4 69 36 78 17 90 13 79 56 37 72 31 80 85 87 25 64
TEST 21 ARG:78 72 51 45 60 67 48 57 68 25 79 74 17 12 91 31 41 80 50 76 9 30 64 18 58 94 40 54 47 62 69 39 81 5 71 8 33 38 93 56 61 77 29 21 97 95 11 75 32 14 44 96 20 70 2 34 13 59 26 42 83 87 90 4 82 88 19 6 27 3 53 63 28 85 86 1 49 22 0 66 52 98 23 84 65 43 10 24 37 36 92 89 46 7 15 35 99 55 16 73
TEST 21 ARG:78 72 51 45 60 67 48 57 68 25 79 74 17 12 91 31 41 80 50 76 9 30 64 18 58 94 40 54 47 62 69 39 81 5 71 8 33 38 93 56 61 77 29 21 97 95 11 75 32 14 44 96 20 70 2 34 13 59 26 42 83 87 90 4 82 88 19 6 27 3 53 63 28 85 86 1 49 22 0 66 52 98 23 84 65 43 10 24 37 36 92 89 46 7 15 35 99 55 16 73
TEST 22 ARG:18 21 85 73 88 56 44 12 98 91 11 32 58 53 22 64 37 99 47 55 9 36 33 34 68 27 38 72 15 67 42 43 93 25 14 29 39 69 94 86 3 95 7 5 75 50 1 79 96 77 92 97 28 40 57 66 13 16 2 63 26 84 76 41 49 60 52 24 81 48 23 35 82 61 45 6 30 51 4 17 65 8 83 62 71 54 59 74 90 31 0 70 80 10 20 89 78 19 46 87
TEST 22 ARG:18 21 85 73 88 56 44 12 98 91 11 32 58 53 22 64 37 99 47 55 9 36 33 34 68 27 38 72 15 67 42 43 93 25 14 29 39 69 94 86 3 95 7 5 75 50 1 79 96 77 92 97 28 40 57 66 13 16 2 63 26 84 76 41 49 60 52 24 81 48 23 35 82 61 45 6 30 51 4 17 65 8 83 62 71 54 59 74 90 31 0 70 80 10 20 89 78 19 46 87
TEST 23 ARG:18 19 21 87 42 52 60 78 66 76 69 14 7 36 75 45 98 9 27 2 49 71 68 30 20 12 39 67 3 10 11 54 43 0 22 95 31 59 64 4 79 84 91 50 58 55 85 40 81 63 56 34 70 48 82 23 13 51 25 24 89 6 97 94 88 32 47 1 83 28 5 38 33 44 96 86 65 72 46 16 37 61 57 15 41 62 93 17 90 92 53 26 35 29 77 74 80 8 99 73
TEST 23 ARG:18 19 21 87 42 52 60 78 66 76 69 14 7 36 75 45 98 9 27 2 49 71 68 30 20 12 39 67 3 10 11 54 43 0 22 95 31 59 64 4 79 84 91 50 58 55 85 40 81 63 56 34 70 48 82 23 13 51 25 24 89 6 97 94 88 32 47 1 83 28 5 38 33 44 96 86 65 72 46 16 37 61 57 15 41 62 93 17 90 92 53 26 35 29 77 74 80 8 99 73
TEST 24 ARG:23 49 97 35 38 59 16 94 85 98 51 78 90 11 92 62 88 33 24 0 31 15 89 32 43 69 44 14 20 36 41 84 70 26 45 57 53 10 63 93 30 55 71 47 40 91 68 56 95 52 2 75 81 22 8 74 34 82 9 61 18 12 60 1 17 19 87 66 13 48 76 21 65 42 25 5 79 73 37 29 67 27 4 80 99 86 96 7 6 3 46 72 64 77 39 83 58 54 50 28
TEST 24 ARG:23 49 97 35 38 59 16 94 85 98 51 78 90 11 92 62 88 33 24 0 31 15 89 32 43 69 44 14 20 36 41 84 70 26 45 57 53 10 63 93 30 55 71 47 40 91 68 56 95 52 2 75 81 22 8 74 34 82 9 61 18 12 60 1 17 19 87 66 13 48 76 21 65 42 25 5 79 73 37 29 67 27 4 80 99 86 96 7 6 3 46 72 64 77 39 83 58 54 50 28
TEST 25 ARG:99 90 60 18 24 71 62 98 53 46 89 10 61 49 35 27 65 36 92 31 23 56 58 95 40 86 82 76 37 0 28 7 50 39 45 41 55 83 69 19 85 25 66 43 5 14 2 13 20 59 88 91 81 3 57 42 6 15 47 73 30 1 48 94 87 93 97 78 22 70 54 68 16 32 12 8 21 84 72 29 34 64 77 67 26 44 38 33 96 9 11 75 80 79 51 17 4 74 63 52
TEST 25 ARG:99 90 60 18 24 71 62 98 53 46 89 10 61 49 35 27 65 36 92 31 23 56 58 95 40 86 82 76 37 0 28 7 50 39 45 41 55 83 69 19 85 25 66 43 5 14 2 13 20 59 88 91 81 3 57 42 6 15 47 73 30 1 48 94 87 93 97 78 22 70 54 68 16 32 12 8 21 84 72 29 34 64 77 67 26 44 38 33 96 9 11 75 80 79 51 17 4 74 63 52
TEST 26 ARG:91 62 24 61 54 57 90 4 51 65 81 12 7 9 17 98 35 75 95 82 87 83 29 19 74 3 63 50 60 20 0 49 42 78 37 69 46 39 76 1 79 48 68 99 30 86 85 43 41 28 13 45 33 34 47 64 2 26 8 59 11 80 71 32 38 16 56 70 44 52 73 84 93 40 5 27 14 55 10 58 97 66 96 92 15 21 94 77 6 89 25 18 72 88 36 22 31 67 53 23
TEST 26 ARG:91 62 24 61 54 57 90 4 51 65 81 12 7 9 17 98 35 75 95 82 87 83 29 19 74 3 63 50 60 20 0 49 42 78 37 69 46 39 76 1 79 48 68 99 30 86 85 43 41 28 13 45 33 34 47 64 2 26 8 59 11 80 71 32 38 16 56 70 44 52 73 84 93 40 5 27 14 55 10 58 97 66 96 92 15 21 94 77 6 89 25 18 72 88 36 22 31 67 53 23
TEST 27 ARG:85 52 40 61 26 32 50 45 64 29 62 90 63 18 35 88 3 58 49 11 70 39 34 0 47 48 17 5 69 38 95 65 57 66 31 60 89 4 42 19 59 71 83 41 27 12 53 33 2 16 54 82 68 43 10 44 76 75 46 25 92 78 80 15 56 74 96 20 87 51 97 98 36 94 1 13 79 6 8 99 23 81 86 73 7 93 22 67 55 14 91 21 24 30 72 9 28 37 84 77
TEST 27 ARG:85 52 40 61 26 32 50 45 64 29 62 90 63 18 35 88 3 58 49 11 70 39 34 0 47 48 17 5 69 38 95 65 57 66 31 60 89 4 42 19 59 71 83 41 27 12 53 33 2 16 54 82 68 43 10 44 76 75 46 25 92 78 80 15 56 74 96 20 87 51 97 98 36 94 1 13 79 6 8 99 23 81 86 73 7 93 22 67 55 14 91 21 24 30 72 9 28 37 84 77
TEST 28 ARG:17 8 55 40 82 22 94 43 88 12 63 90 66 72 48 75 83 33 51 56 59 0 38 74 73 3 44 4 50 79 21 57 28 45 91 76 46 81 15 49 10 98 85 86 64 65 29 80 16 36 58 30 77 37 7 53 32 69 35 2 87 68 99 39 89 78 97 13 60 84 54 26 20 19 6 67 18 27 11 92 42 71 41 14 9 62 93 25 96 34 47 23 5 31 24 61 70 1 52 95
TEST 28 ARG:17 8 55 40 82 22 94 43 88 12 63 90 66 72 48 75 83 33 51 56 59 0 38 74 73 3 44 4 50 79 21 57 28 45 91 76 46 81 15 49 10 98 85 86 64 65 29 80 16 36 58 30 77 37 7 53 32 69 35 2 87 68 99 39 89 78 97 13 60 84 54 26 20 19 6 67 18 27 11 92 42 71 41 14 9 62 93 25 96 34 47 23 5 31 24 61 70 1 52 95
TEST 29 ARG:75 7 69 23 91 90 16 22 97 4 8 14 34 94 47 65 19 6 79 12 15 11 72 26 93 0 42 80 24 76 55 1 98 44 41 78 3 25 82 68 13 73 40 36 52 29 54 92 32 51 62 85 89 87 30 18 46 9 38 86 39 81 43 48 27 60 33 53 28 74 99 56 20 31 66 58 63 17 77 10 70 2 88 83 45 67 57 95 61 84 50 5 21 49 59 64 71 96 37 35
TEST 29 ARG:75 7 69 23 91 90 16 22 97 4 8 14 34 94 47 65 19 6 79 12 15 11 72 26 93 0 42 80 24 76 55 1 98 44 41 78 3 25 82 68 13 73 40 36 52 29 54 92 32 51 62 85 89 87 30 18 46 9 38 86 39 81 43 48 27 60 33 53 28 74 99 56 20 31 66 58 63 17 77 10 70 2 88 83 45 67 57 95 61 84 50 5 21 49 59 64 71 96 37 35
TEST 30 ARG:26 60 23 15 63 96 37 12 76 18 22 69 19 62 49 64 11 34 94 89 73 21 2 92 90 28 5 42 80 41 43 9 72 74 66 27 99 95 14 51 6 57 84 24 70 68 88 10 53 67 50 20 52 83 56 4 13 35 8 65 45 81 46 38 30 17 40 58 98 54 55 31 97 47 48 91 3 59 93 32 77 44 33 29 85 36 25 7 86 16 78 61 0 1 39 87 71 82 75 79
TEST 30 ARG:26 60 23 15 63 96 37 12 76 18 22 69 19 62 49 64 11 34 94 89 73 21 2 92 90 28 5 42 80 41 43 9 72 74 66 27 99 95 14 51 6 57 84 24 70 68 88 10 53 67 50 20 52 83 56 4 13 35 8 65 45 81 46 38 30 17 40 58 98 54 55 31 97 47 48 91 3 59 93 32 77 44 33 29 85 36 25 7 86 16 78 61 0 1 39 87 71 82 75 79
TEST 31 ARG:64 38 63 75 89 19 79 96 57 54 13 46 65 61 32 60 27 66 41 18 68 29 17 43 83 9 59 3 45 35 37 97 84 10 2 47 88 92 40 56 12 20 76 74 58 70 62 78 21 14 33 73 91 77 67 44 98 16 93 15 23 25 53 95 4 6 51 26 99 72 82 50 81 34 5 86 30 94 36 55 22 87 52 80 0 49 71 48 69 42 90 11 7 28 31 24 39 8 85 1
TEST 31 ARG:64 38 63 75 89 19 79 96 57 54 13 46 65 61 32 60 27 66 41 18 68 29 17 43 83 9 59 3 45 35 37 97 84 10 2 47 88 92 40 56 12 20 76 74 58 70 62 78 21 14 33 73 91 77 67 44 98 16 93 15 23 25 53 95 4 6 51 26 99 72 82 50 81 34 5 86 30 94 36 55 22 87 52 80 0 49 71 48 69 42 90 11 7 28 31 24 39 8 85 1
TEST 32 ARG:98 48 90 15 92 33 1 21 62 14 2 5 81 79 91 69 68 43 87 36 12 27 97 82 24 60 88 42 78 72 74 17 20 83 3 29 13 40 23 59 46 32 70 52 4 45 63 84 93 9 10 49 85 73 47 37 67 66 8 26 65 0 6 75 19 89 86 16 57 56 71 76 34 53 94 31 50 58 64 22 80 99 25 18 54 96 51 11 7 61 28 41 44 39 35 30 95 55 77 38
TEST 32 ARG:98 48 90 15 92 33 1 21 62 14 2 5 81 79 91 69 68 43 87 36 12 27 97 82 24 60 88 42 78 72 74 17 20 83 3 29 13 40 23 59 46 32 70 52 4 45 63 84 93 9 10 49 85 73 47 37 67 66 8 26 65 0 6 75 19 89 86 16 57 56 71 76 34 53 94 31 50 58 64 22 80 99 25 18 54 96 51 11 7 61 28 41 44 39 35 30 95 55 77 38
TEST 33 ARG:38 84 10 94 91 78 20 75 56 70 23 30 16 55 42 89 6 50 32 88 14 76 46 65 90 17 35 96 93 87 92 8 25 86 72 66 61 52 19 40 97 5 74 47 27 36 37 79 57 39 59 34 44 0 15 11 98 83 24 4 29 58 71 81 3 69 33 43 13 63 9 82 1 62 95 68 31 12 67 77 54 22 21 64 41 48 18 7 99 26 51 28 2 60 45 73 49 85 53 80
TEST 33 ARG:38 84 10 94 91 78 20 75 56 70 23 30 16 55 42 89 6 50 32 88 14 76 46 65 90 17 35 96 93 87 92 8 25 86 72 66 61 52 19 40 97 5 74 47 27 36 37 79 57 39 59 34 44 0 15 11 98 83 24 4 29 58 71 81 3 69 33 43 13 63 9 82 1 62 95 68 31 12 67 77 54 22 21 64 41 48 18 7 99 26 51 28 2 60 45 73 49 85 53 80
TEST 34 ARG:96 80 43 51 70 58 9 97 15 63 55 3 0 71 57 94 24 10 22 6 67 73 66 32 86 83 2 35 74 12 5 42 7 75 85 60 72 89 91 1 39 49 88 99 65 23 13 44 98 29 27 53 93 17 16 14 11 4 77 37 92 76 8 50 30 56 33 48 20 62 47 52 79 28 25 81 82 54 69 26 87 36 46 95 18 40 59 61 34 84 68 31 45 78 41 21 38 19 90 64
TEST 34 ARG:96 80 43 51 70 58 9 97 15 63 55 3 0 71 57 94 24 10 22 6 67 73 66 32 86 83 2 35 74 12 5 42 7 75 85 60 72 89 91 1 39 49 88 99 65 23 13 44 98 29 27 53 93 17 16 14 11 4 77 37 92 76 8 50 30 56 33 48 20 62 47 52 79 28 25 81 82 54 69 26 87 36 46 95 18 40 59 61 34 84 68 31 45 78 41 21 38 19 90 64
TEST 35 ARG:69 26 22 65 48 86 7 17 38 20 68 50 24 3 98 73 11 6 0 40 97 53 76 90 91 82 93 5 46 8 41 89 28 1 19 14 39 25 74 70 52 44 29 10 81 58 30 9 27 95 96 71 75 35 55 59 56 51 99 32 45 36 4 34 63 88 16 92 15 80 87 62 66 42 61 37 78 23 60 47 72 77 2 57 33 49 83 21 54 64 43 67 94 79 13 12 85 31 84 18
TEST 35 ARG:69 26 22 65 48 86 7 17 38 20 68 50 24 3 98 73 11 6 0 40 97 53 76 90 91 82 93 5 46 8 41 89 28 1 19 14 39 25 74 70 52 44 29 10 81 58 30 9 27 95 96 71 75 35 55 59 56 51 99 32 45 36 4 34 63 88 16 92 15 80 87 62 66 42 61 37 78 23 60 47 72 77 2 57 33 49 83 21 54 64 43 67 94 79 13 12 85 31 84 18
TEST 36 ARG:9 80 20 91 17 78 55 98 85 60 47 58 59 77 4 10 28 89 30 42 92 68 41 29 12 51 34 7 64 57 44 87 43 76 72 97 50 93 48 16 73 26 37 53 3 46 32 35 21 27 52 83 13 74 56 67 75 31 0 5 65 33 54 71 99 1 18 39 14 8 86 70 94 11 22 38 23 40 19 88 49 79 62 90 82 63 69 24 96 15 84 2 25 45 61 95 66 81 6 36
TEST 36 ARG:9 80 20 91 17 78 55 98 85 60 47 58 59 77 4 10 28 89 30 42 92 68 41 29 12 51 34 7 64 57 44 87 43 76 72 97 50 93 48 16 73 26 37 53 3 46 32 35 21 27 52 83 13 74 56 67 75 31 0 5 65 33 54 71 99 1 18 39 14 8 86 70 94 11 22 38 23 40 19 88 49 79 62 90 82 63 69 24 96 15 84 2 25 45 61 95 66 81 6 36
TEST 37 ARG:8 16 92 55 47 62 93 48 29 70 96 37 81 98 19 25 91 66 82 18 7 17 71 88 38 20 3 68 85 90 50 54 11 51 56 1 97 60 40 79 63 83 2 15 58 39 30 75 52 49 99 89 12 74 78 44 65 76 42 72 0 69 95 45 6 53 80 41 77 36 61 4 46 23 24 13 27 59 26 43 86 64 73 67 14 31 32 87 5 57 34 35 33 94 22 21 9 10 84 28
TEST 37 ARG:8 16 92 55 47 62 93 48 29 70 96 37 81 98 19 25 91 66 82 18 7 17 71 88 38 20 3 68 85 90 50 54 11 51 56 1 97 60 40 79 63 83 2 15 58 39 30 75 52 49 99 89 12 74 78 44 65 76 42 72 0 69 95 45 6 53 80 41 77 36 61 4 46 23 24 13 27 59 26 43 86 64 73 67 14 31 32 87 5 57 34 35 33 94 22 21 9 10 84 28
TEST 38 ARG:70 67 93 44 83 99 55 81 75 31 38 74 61 52 30 79 97 47 50 46 34 53 77 60 24 89 13 29 9 76 19 36 27 78 80 40 58 10 4 54 32 88 16 96 72 39 22 33 12 41 86 64 28 65 98 21 20 56 7 51 85 92 95 35 6 26 5 23 59 43 87 2 84 68 57 25 0 45 8 15 11 73 14 42 37 91 82 94 62 18 1 71 69 49 3 17 66 48 63 90
TEST 38 ARG:70 67 93 44 83 99 55 81 75 31 38 74 61 52 30 79 97 47 50 46 34 53 77 60 24 89 13 29 9 76 19 36 27 78 80 40 58 10 4 54 32 88 16 96 72 39 22 33 12 41 86 64 28 65 98 21 20 56 7 51 85 92 95 35 6 26 5 23 59 43 87 2 84 68 57 25 0 45 8 15 11 73 14 42 37 91 82 94 62 18 1 71 69 49 3 17 66 48 63 90
TEST 39 ARG:80 88 65 92 41 15 91 39 3 2 87 25 51 86 78 89 9 30 11 24 42 98 57 66 93 54 43 81 34 64 5 69 53 6 70 59 50 72 85 32 22 67 16 36 0 31 21 20 95 55 23 10 46 8 13 19 49 27 74 90 83 33 4 26 37 60 82 75 12 76 48 17 7 99 94 45 52 97 47 44 28 14 62 40 71 96 35 56 73 29 58 68 77 63 84 1 18 38 61 79
TEST 39 ARG:80 88 65 92 41 15 91 39 3 2 87 25 51 86 78 89 9 30 11 24 42 98 57 66 93 54 43 81 34 64 5 69 53 6 70 59 50 72 85 32 22 67 16 36 0 31 21 20 95 55 23 10 46 8 13 19 49 27 74 90 83 33 4 26 37 60 82 75 12 76 48 17 7 99 94 45 52 97 47 44 28 14 62 40 71 96 35 56 73 29 58 68 77 63 84 1 18 38 61 79
TEST 40 ARG:72 18 42 27 96 22 99 57 23 66 77 3 16 6 47 9 75 53 30 48 65 82 20 12 49 79 92 54 84 38 63 32 71 78 31 56 61 4 29 28 0 85 98 8 94 76 88 68 87 83 37 95 60 81 52 1 74 51 80 5 46 86 40 43 33 45 19 14 90 15 89 73 62 70 55 21 39 2 34 7 67 69 44 10 64 24 59 35 25 17 13 93 58 91 36 26 97 50 41 11
TEST 40 ARG:72 18 42 27 96 22 99 57 23 66 77 3 16 6 47 9 75 53 30 48 65 82 20 12 49 79 92 54 84 38 63 32 71 78 31 56 61 4 29 28 0 85 98 8 94 76 88 68 87 83 37 95 60 81 52 1 74 51 80 5 46 86 40 43 33 45 19 14 90 15 89 73 62 70 55 21 39 2 34 7 67 69 44 10 64 24 59 35 25 17 13 93 58 91 36 26 97 50 41 11
TEST 41 ARG:36 19 31 87 66 54 70 16 13 39 15 50 26 77 18 55 79 68 99 44 3 25 57 63 91 80 94 1 75 33 10 30 37 51 9 17 61 11 28 67 38 47 42 53 97 78 86 43 14 89 45 95 73 88 0 24 85 40 93 7 48 83 71 69 59 74 49 46 72 12 5 65 20 62 52 35 76 29 82 8 2 32 96 6 90 21 98 81 84 22 92 56 64 60 34 4 58 27 41 23
TEST 41 ARG:36 19 31 87 66 54 70 16 13 39 15 50 26 77 18 55 79 68 99 44 3 25 57 63 91 80 94 1 75 33 10 30 37 51 9 17 61 11 28 67 38 47 42 53 97 78 86 43 14 89 45 95 73 88 0 24 85 40 93 7 48 83 71 69 59 74 49 46 72 12 5 65 20 62 52 35 76 29 82 8 2 32 96 6 90 21 98 81 84 22 92 56 64 60 34 4 58 27 41 23
TEST 42 ARG:68 63 65 76 92 94 83 15 36 88 24 45 1 91 56 48 87 67 89 30 46 41 98 82 34 81 47 7 66 50 2 73 3 35 75 39 77 5 52 4 58 32 18 14 70 71 16 96 0 64 28 44 49 33 10 20 23 59 27 95 69 43 60 17 99 8 80 25 55 9 54 51 62 6 97 74 57 90 13 53 37 26 22 12 84 31 78 40 93 72 79 61 38 11 42 29 19 21 86 85
TEST 42 ARG:68 63 65 76 92 94 83 15 36 88 24 45 1 91 56 48 87 67 89 30 46 41 98 82 34 81 47 7 66 50 2 73 3 35 75 39 77 5 52 4 58 32 18 14 70 71 16 96 0 64 28 44 49 33 10 20 23 59 27 95 69 43 60 17 99 8 80 25 55 9 54 51 62 6 97 74 57 90 13 53 37 26 22 12 84 31 78 40 93 72 79 61 38 11 42 29 19 21 86 85
TEST 43 ARG:26 14 97 57 13 93 7 43 31 9 11 1 58 96 12 34 35 92 45 99 21 87 66 76 70 90 94 80 74 48 6 63 33 27 62 73 49 42 36 4 8 65 91 71 82 5 54 28 95 23 56 17 22 37 29 50 81 75 88 18 77 98 85 51 30 20 83 16 69 61 67 40 25 86 60 64 24 78 59 0 3 89 19 46 47 55 2 53 44 32 39 38 15 79 72 84 68 10 52 41
TEST 43 ARG:26 14 97 57 13 93 7 43 31 9 11 1 58 96 12 34 35 92 45 99 21 87 66 76 70 90 94 80 74 48 6 63 33 27 62 73 49 42 36 4 8 65 91 71 82 5 54 28 95 23 56 17 22 37 29 50 81 75 88 18 77 98 85 51 30 20 83 16 69 61 67 40 25 86 60 64 24 78 59 0 3 89 19 46 47 55 2 53 44 32 39 38 15 79 72 84 68 10 52 41
TEST 44 ARG:33 15 30 90 87 40 9 20 92 16 21 17 78 54 48 44 37 35 72 94 24 12 98 53 99 31 67 63 50 51 95 85 61 23 56 96 83 75 19 4 8 27 32 59 10 28 1 91 0 58 3 25 86 81 82 43 13 49 60 11 29 2 45 64 52 22 34 38 97 68 46 89 84 47 80 62 41 74 93 69 77 66 79 39 65 57 73 88 26 7 70 5 14 71 55 6 42 36 18 76
TEST 44 ARG:33 15 30 90 87 40 9 20 92 16 21 17 78 54 48 44 37 35 72 94 24 12 98 53 99 31 67 63 50 51 95 85 61 23 56 96 83 75 19 4 8 27 32 59 10 28 1 91 0 58 3 25 86 81 82 43 13 49 60 11 29 2 45 64 52 22 34 38 97 68 46 89 84 47 80 62 41 74 93 69 77 66 79 39 65 57 73 88 26 7 70 5 14 71 55 6 42 36 18 76
TEST 45 ARG:61 55 69 76 65 48 6 87 11 56 26 70 16 98 58 20 71 95 0 17 2 34 12 5 81 28 52 97 84 47 96 37 18 62 22 42 4 49 15 13 46 77 72 83 51 38 60 91 27 35 82 88 99 74 19 21 59 79 33 31 53 75 89 32 39 30 66 8 90 14 78 73 43 64 45 36 68 23 63 85 67 7 1 25 40 3 44 10 94 92 29 54 41 50 93 80 57 9 86 24
TEST 45 ARG:61 55 69 76 65 48 6 87 11 56 26 70 16 98 58 20 71 95 0 17 2 34 12 5 81 28 52 97 84 47 96 37 18 62 22 42 4 49 15 13 46 77 72 83 51 38 60 91 27 35 82 88 99 74 19 21 59 79 33 31 53 75 89 32 39 30 66 8 90 14 78 73 43 64 45 36 68 23 63 85 67 7 1 25 40 3 44 10 94 92 29 54 41 50 93 80 57 9 86 24
TEST 46 ARG:68 84 72 50 15 17 18 55 48 29 85 26 95 30 39 62 6 14 16 11 78 54 57 53 98 27 33 10 61 7 46 32 0 59 76 1 92 13 19 36 45 56 23 71 31 67 86 69 41 2 87 93 74 28 24 65 35 37 4 81 63 88 47 70 12 42 43 20 5 99 94 79 21 25 80 34 52 82 91 58 73 51 38 3 77 97 83 64 8 75 22 90 49 89 40 66 9 44 60 96
TEST 46 ARG:68 84 72 50 15 17 18 55 48 29 85 26 95 30 39 62 6 14 16 11 78 54 57 53 98 27 33 10 61 7 46 32 0 59 76 1 92 13 19 36 45 56 23 71 31 67 86 69 41 2 87 93 74 28 24 65 35 37 4 81 63 88 47 70 12 42 43 20 5 99 94 79 21 25 80 34 52 82 91 58 73 51 38 3 77 97 83 64 8 75 22 90 49 89 40 66 9 44 60 96
TEST 47 ARG:13 43 61 80 29 5 74 47 62 33 71 51 92 78 87 89 34 55 77 58 31 88 93 95 0 18 75 65 22 24 79 91 7 52 3 19 49 94 99 66 10 56 82 36 42 26 64 67 84 30 38 15 86 28 1 17 27 23 16 97 41 96 46 37 6 85 63 48 40 90 68 39 11 72 59 81 60 2 8 98 14 20 21 45 12 73 35 50 4 69 76 53 32 9 44 83 70 25 54 57
TEST 47 ARG:13 43 61 80 29 5 74 47 62 33 71 51 92 78 87 89 34 55 77 58 31 88 93 95 0 18 75 65 22 24 79 91 7 52 3 19 49 94 99 66 10 56 82 36 42 26 64 67 84 30 38 15 86 28 1 17 27 23 16 97 41 96 46 37 6 85 63 48 40 90 68 39 11 72 59 81 60 2 8 98 14 20 21 45 12 73 35 50 4 69 76 53 32 9 44 83 70 25 54 57
TEST 48 ARG:40 10 99 49 55 34 88 2 96 53 85 86 70 36 54 11 59 76 6 87 92 16 60 18 9 12 71 81 93 94 24 5 38 72 95 30 80 15 64 43 17 23 32 48 27 68 3 0 39 35 67 75 91 77 50 42 41 8 73 22 90 37 14 7 33 13 44 98 82 84 58 62 61 47 78 4 52 57 74 25 26 65 46 19 63 66 21 97 69 45 29 51 31 1 28 79 56 20 89 83
TEST 48 ARG:40 10 99 49 55 34 88 2 96 53 85 86 70 36 54 11 59 76 6 87 92 16 60 18 9 12 71 81 93 94 24 5 38 72 95 30 80 15 64 43 17 23 32 48 27 68 3 0 39 35 67 75 91 77 50 42 41 8 73 22 90 37 14 7 33 13 44 98 82 84 58 62 61 47 78 4 52 57 74 25 26 65 46 19 63 66 21 97 69 45 29 51 31 1 28 79 56 20 89 83
TEST 49 ARG:89 53 19 60 67 56 12 8 59 30 7 70 81 34 3 23 40 47 1 95 61 77 22 35 72 91 15 10 31 80 11 57 78 75 46 6 32 88 48 38 94 99 29 71 54 20 4 63 42 44 64 83 37 17 66 90 36 86 18 85 26 45 93 16 24 21 27 69 9 65 62 2 51 97 68 73 39 74 5 28 79 49 50 84 76 98 0 58 41 92 33 55 52 43 96 82 13 14 87 25
TEST 49 ARG:89 53 19 60 67 56 12 8 59 30 7 70 81 34 3 23 40 47 1 95 61 77 22 35 72 91 15 10 31 80 11 57 78 75 46 6 32 88 48 38 94 99 29 71 54 20 4 63 42 44 64 83 37 17 66 90 36 86 18 85 26 45 93 16 24 21 27 69 9 65 62 2 51 97 68 73 39 74 5 28 79 49 50 84 76 98 0 58 41 92 33 55 52 43 96 82 13 14 87 25
TEST 50 ARG:91 10 52 48 98 3 43 89 1 35 84 96 78 88 34 29 22 6 76 23 26 93 71 4 68 40 80 56 65 33 36 85 54 92 45 2 38 30 32 9 13 27 44 47 72 79 18 60 90 20 14 62 75 16 81 73 0 11 55 15 87 31 59 86 39 25 70 7 77 17 57 66 49 94 24 61 53 12 63 5 58 41 8 64 83 95 21 67 19 28 69 99 82 37 50 46 74 42 51 97
TEST 50 ARG:91 10 52 48 98 3 43 89 1 35 84 96 78 88 34 29 22 6 76 23 26 93 71 4 68 40 80 56 65 33 36 85 54 92 45 2 38 30 32 9 13 27 44 47 72 79 18 60 90 20 14 62 75 16 81 73 0 11 55 15 87 31 59 86 39 25 70 7 77 17 57 66 49 94 24 61 53 12 63 5 58 41 8 64 83 95 21 67 19 28 69 99 82 37 50 46 74 42 51 97
TEST 51 ARG:95 93 84 36 40 9 46 21 10 35 16 18 39 56 31 4 57 78 62 61 2 42 6 5 71 23 66 41 82 34 11 24 38 59 79 67 27 81 30 33 47 69 53 37 44 65 87 52 19 48 98 15 43 20 96 85 3 13 72 94 64 26 17 75 25 54 92 22 97 76 51 49 32 68 70 8 86 58 80 14 1 90 63 50 45 55 83 74 88 99 0 91 12 73 89 7 29 77 28 60
TEST 51 ARG:95 93 84 36 40 9 46 21 10 35 16 18 39 56 31 4 57 78 62 61 2 42 6 5 71 23 66 41 82 34 11 24 38 59 79 67 27 81 30 33 47 69 53 37 44 65 87 52 19 48 98 15 43 20 96 85 3 13 72 94 64 26 17 75 25 54 92 22 97 76 51 49 32 68 70 8 86 58 80 14 1 90 63 50 45 55 83 74 88 99 0 91 12 73 89 7 29 77 28 60
TEST 52 ARG:49 4 6 94 31 36 95 91 32 8 66 89 37 71 81 73 43 25 70 56 18 76 92 19 87 38 39 1 20 16 3 99 12 62 33 77 17 78 90 27 63 24 96 51 80 46 68 0 30 26 14 83 67 53 15 52 45 97 79 65 74 85 72 9 50 54 21 22 5 2 82 48 61 55 75 11 98 64 28 34 41 59 69 47 13 7 44 29 84 40 60 86 58 35 10 42 88 23 93 57
TEST 52 ARG:49 4 6 94 31 36 95 91 32 8 66 89 37 71 81 73 43 25 70 56 18 76 92 19 87 38 39 1 20 16 3 99 12 62 33 77 17 78 90 27 63 24 96 51 80 46 68 0 30 26 14 83 67 53 15 52 45 97 79 65 74 85 72 9 50 54 21 22 5 2 82 48 61 55 75 11 98 64 28 34 41 59 69 47 13 7 44 29 84 40 60 86 58 35 10 42 88 23 93 57
TEST 53 ARG:20 15 49 26 53 72 42 39 79 35 36 9 3 50 16 21 2 46 22 8 58 57 32 33 99 75 14 82 56 28 66 44 65 87 10 68 85 64 74 6 81 55 30 23 77 76 47 5 54 89 43 95 1 78 90 60 4 86 17 27 91 48 37 12 59 18 25 45 41 98 71 0 62 31 38 61 13 34 29 69 40 94 67 84 52 88 83 11 24 19 51 92 97 7 63 73 80 70 93 96
TEST 53 ARG:20 15 49 26 53 72 42 39 79 35 36 9 3 50 16 21 2 46 22 8 58 57 32 33 99 75 14 82 56 28 66 44 65 87 10 68 85 64 74 6 81 55 30 23 77 76 47 5 54 89 43 95 1 78 90 60 4 86 17 27 91 48 37 12 59 18 25 45 41 98 71 0 62 31 38 61 13 34 29 69 40 94 67 84 52 88 83 11 24 19 51 92 97 7 63 73 80 70 93 96
TEST 54 ARG:2 36 76 82 78 37 73 92 90 94 60 45 66 69 31 19 39 21 67 71 77 74 5 38 88 96 55 99 23 33 17 72 48 54 28 70 46 62 84 95 59 4 93 63 27 97 87 32 83 40 22 11 79 75 3 58 51 65 61 16 44 53 89 26 14 41 8 86 57 9 56 50 81 49 35 80 18 25 7 64 10 85 29 6 1 15 30 12 24 43 20 91 34 52 13 47 98 68 0 42
TEST 54 ARG:2 36 76 82 78 37 73 92 90 94 60 45 66 69 31 19 39 21 67 71 77 74 5 38 88 96 55 99 23 33 17 72 48 54 28 70 46 62 84 95 59 4 93 63 27 97 87 32 83 40 22 11 79 75 3 58 51 65 61 16 44 53 89 26 14 41 8 86 57 9 56 50 81 49 35 80 18 25 7 64 10 85 29 6 1 15 30 12 24 43 20 91 34 52 13 47 98 68 0 42
TEST 55 ARG:36 55 20 8 5 95 89 1 51 0 18 22 97 43 74 49 84 64 24 27 83 40 85 79 6 31 23 48 41 38 10 15 35 39 81 54 94 47 80 99 72 2 53 26 44 90 19 87 33 86 7 21 50 77 42 82 98 14 75 67 57 63 9 46 4 13 16 92 29 70 88 3 17 45 68 61 56 73 60 59 91 11 37 66 52 78 12 58 69 62 96 34 28 32 71 76 93 30 25 65
TEST 55 ARG:36 55 20 8 5 95 89 1 51 0 18 22 97 43 74 49 84 64 24 27 83 40 85 79 6 31 23 48 41 38 10 15 35 39 81 54 94 47 80 99 72 2 53 26 44 90 19 87 33 86 7 21 50 77 42 82 98 14 75 67 57 63 9 46 4 13 16 92 29 70 88 3 17 45 68 61 56 73 60 59 91 11 37 66 52 78 12 58 69 62 96 34 28 32 71 76 93 30 25 65
TEST 56 ARG:58 73 49 84 45 82 9 21 1 77 23 76 75 91 67 2 52 19 70 74 17 40 92 61 3 6 83 53 39 99 80 60 4 31 18 37 13 42 28 11 47 95 87 93 72 29 26 12 32 55 90 34 27 20 46 48 86 36 57 62 44 0 51 81 38 88 97 43 94 50 41 14 85 8 35 7 33 22 56 96 54 63 24 69 71 30 64 16 25 68 10 15 5 65 59 98 89 66 78 79
TEST 56 ARG:58 73 49 84 45 82 9 21 1 77 23 76 75 91 67 2 52 19 70 74 17 40 92 61 3 6 83 53 39 99 80 60 4 31 18 37 13 42 28 11 47 95 87 93 72 29 26 12 32 55 90 34 27 20 46 48 86 36 57 62 44 0 51 81 38 88 97 43 94 50 41 14 85 8 35 7 33 22 56 96 54 63 24 69 71 30 64 16 25 68 10 15 5 65 59 98 89 66 78 79
TEST 57 ARG:5 43 38 58 69 16 77 62 97 8 57 90 50 21 94 88 24 95 70 75 39 71 0 14 82 89 3 36 54 72 18 91 29 48 34 6 12 7 98 27 86 32 63 74 96 9 19 2 44 68 37 73 92 25 20 11 47 84 83 40 59 23 10 49 55 41 67 26 53 22 28 30 17 79 99 93 66 45 78 60 33 56 64 51 81 42 46 1 76 87 31 61 52 35 85 80 4 65 13 15
TEST 57 ARG:5 43 38 58 69 16 77 62 97 8 57 90 50 21 94 88 24 95 70 75 39 71 0 14 82 89 3 36 54 72 18 91 29 48 34 6 12 7 98 27 86 32 63 74 96 9 19 2 44 68 37 73 92 25 20 11 47 84 83 40 59 23 10 49 55 41 67 26 53 22 28 30 17 79 99 93 66 45 78 60 33 56 64 51 81 42 46 1 76 87 31 61 52 35 85 80 4 65 13 15
TEST 58 ARG:38 79 33 59 93 22 65 50 37 20 21 94 44 26 83 55 97 63 56 67 36 98 41 86 66 81 54 57 32 90 42 71 74 73 43 76 61 0 99 12 92 70 51 52 15 23 2 78 31 16 39 7 88 87 62 46 10 40 60 82 34 27 49 69 48 4 96 19 68 72 24 84 58 1 11 89 85 95 64 6 14 75 9 35 77 25 28 8 17 45 30 3 18 47 91 29 13 5 80 53
TEST 58 ARG:38 79 33 59 93 22 65 50 37 20 21 94 44 26 83 55 97 63 56 67 36 98 41 86 66 81 54 57 32 90 42 71 74 73 43 76 61 0 99 12 92 70 51 52 15 23 2 78 31 16 39 7 88 87 62 46 10 40 60 82 34 27 49 69 48 4 96 19 68 72 24 84 58 1 11 89 85 95 64 6 14 75 9 35 77 25 28 8 17 45 30 3 18 47 91 29 13 5 80 53
TEST 59 ARG:3 0 29 84 6 39 46 71 36 86 37 27 90 75 88 43 54 56 52 24 57 70 91 7 8 95 35 10 67 60 94 64 33 47 48 22 28 85 93 74 41 81 78 21 38 72 51 9 66 15 1 31 87 50 62 58 97 96 83 30 92 55 79 45 4 42 19 80 17 25 2 59 89 16 73 98 49 68 99 13 26 69 40 61 12 63 77 23 34 65 76 53 44 14 5 11 20 32 82 18
TEST 59 ARG:3 0 29 84 6 39 46 71 36 86 37 27 90 75 88 43 54 56 52 24 57 70 91 7 8 95 35 10 67 60 94 64 33 47 48 22 28 85 93 74 41 81 78 21 38 72 51 9 66 15 1 31 87 50 62 58 97 96 83 30 92 55 79 45 4 42 19 80 17 25 2 59 89 16 73 98 49 68 99 13 26 69 40 61 12 63 77 23 34 65 76 53 44 14 5 11 20 32 82 18
TEST 60 ARG:71 16 19 7 75 44 52 40 47 36 43 20 96 38 12 29 33 85 54 69 1 91 57 59 49 24 67 81 99 42 6 15 98 93 58 31 14 22 46 48 77 41 64 27 70 83 78 25 55 80 2 32 60 56 8 28 17 66 92 53 88 10 21 73 86 89 9 35 13 45 72 63 0 90 23 4 51 18 74 82 11 87 95 39 84 62 30 37 26 50 76 97 5 3 34 65 79 61 94 68
TEST 60 ARG:71 16 19 7 75 44 52 40 47 36 43 20 96 38 12 29 33 85 54 69 1 91 57 59 49 24 67 81 99 42 6 15 98 93 58 31 14 22 46 48 77 41 64 27 70 83 78 25 55 80 2 32 60 56 8 28 17 66 92 53 88 10 21 73 86 89 9 35 13 45 72 63 0 90 23 4 51 18 74 82 11 87 95 39 84 62 30 37 26 50 76 97 5 3 34 65 79 61 94 68
TEST 61 ARG:95 61 10 46 58 47 45 12 83 21 57 92 6 26 99 42 76 39 40 66 38 14 50 51 28 89 59 30 56 75 41 68 77 79 16 9 2 29 88 63 69 82 7 23 71 48 13 93 62 72 3 64 8 96 43 78 31 22 53 33 81 60 85 80 32 86 17 94 55 49 36 91 74 90 87 84 98 54 44 19 37 25 67 27 18 65 5 20 1 15 97 11 35 70 73 24 52 0 34 4
TEST 61 ARG:95 61 10 46 58 47 45 12 83 21 57 92 6 26 99 42 76 39 40 66 38 14 50 51 28 89 59 30 56 75 41 68 77 79 16 9 2 29 88 63 69 82 7 23 71 48 13 93 62 72 3 64 8 96 43 78 31 22 53 33 81 60 85 80 32 86 17 94 55 49 36 91 74 90 87 84 98 54 44 19 37 25 67 27 18 65 5 20 1 15 97 11 35 70 73 24 52 0 34 4
TEST 62 ARG:66 24 29 50 94 38 60 16 82 61 30 71 37 83 78 48 54 79 20 80 64 77 28 95 15 27 87 67 98 89 17 92 58 96 59 5 36 23 6 18 93 12 14 73 7 4 55 0 39 35 75 51 8 11 40 9 97 25 46 49 33 41 90 22 65 85 72 19 21 34 63 32 53 42 47 84 1 26 45 31 70 10 74 57 3 86 52 81 62 76 13 69 2 56 44 99 88 68 43 91
TEST 62 ARG:66 24 29 50 94 38 60 16 82 61 30 71 37 83 78 48 54 79 20 80 64 77 28 95 15 27 87 67 98 89 17 92 58 96 59 5 36 23 6 18 93 12 14 73 7 4 55 0 39 35 75 51 8 11 40 9 97 25 46 49 33 41 90 22 65 85 72 19 21 34 63 32 53 42 47 84 1 26 45 31 70 10 74 57 3 86 52 81 62 76 13 69 2 56 44 99 88 68 43 91
TEST 63 ARG:71 50 56 24 95 94 5 55 98 54 93 32 80 33 52 23 48 35 64 9 61 75 22 28 31 70 78 43 67 82 99 16 85 14 12 19 49 65 68 74 6 53 37 0 10 39 66 84 69 89 46 91 38 8 26 17 73 92 96 21 25 2 60 41 7 13 62 88 45 30 81 20 90 36 72 11 97 58 1 76 27 57 63 87 83 51 15 18 47 3 42 4 40 34 44 79 77 29 59 86
TEST 63 ARG:71 50 56 24 95 94 5 55 98 54 93 32 80 33 52 23 48 35 64 9 61 75 22 28 31 70 78 43 67 82 99 16 85 14 12 19 49 65 68 74 6 53 37 0 10 39 66 84 69 89 46 91 38 8 26 17 73 92 96 21 25 2 60 41 7 13 62 88 45 30 81 20 90 36 72 11 97 58 1 76 27 57 63 87 83 51 15 18 47 3 42 4 40 34 44 79 77 29 59 86
TEST 64 ARG:43 35 26 94 5 97 3 19 90 28 71 60 15 89 52 32 56 53 25 36 13 18 21 80 20 24 75 67 86 17 57 51 38 74 0 6 95 49 23 62 91 16 69 22 83 61 27 31 42 37 4 58 7 68 92 11 39 54 29 33 44 45 73 72 63 8 55 46 9 64 65 99 78 30 48 40 47 66 98 12 41 70 34 1 82 81 14 50 79 88 76 93 96 10 77 2 87 85 84 59
TEST 64 ARG:43 35 26 94 5 97 3 19 90 28 71 60 15 89 52 32 56 53 25 36 13 18 21 80 20 24 75 67 86 17 57 51 38 74 0 6 95 49 23 62 91 16 69 22 83 61 27 31 42 37 4 58 7 68 92 11 39 54 29 33 44 45 73 72 63 8 55 46 9 64 65 99 78 30 48 40 47 66 98 12 41 70 34 1 82 81 14 50 79 88 76 93 96 10 77 2 87 85 84 59
TEST 65 ARG:92 4 74 76 26 60 42 55 75 11 51 50 61 16 83 86 18 34 13 28 2 97 95 90 56 25 98 40 80 57 33 62 12 70 43 20 27 0 93 48 15 53 23 72 65 1 5 94 38 30 17 19 73 85 69 96 29 87 14 88 44 64 89 68 21 58 79 91 32 46 47 39 77 49 41 82 24 54 84 52 37 7 35 9 78 6 31 8 45 81 3 36 66 99 10 71 67 59 22 63
TEST 65 ARG:92 4 74 76 26 60 42 55 75 11 51 50 61 16 83 86 18 34 13 28 2 97 95 90 56 25 98 40 80 57 33 62 12 70 43 20 27 0 93 48 15 53 23 72 65 1 5 94 38 30 17 19 73 85 69 96 29 87 14 88 44 64 89 68 21 58 79 91 32 46 47 39 77 49 41 82 24 54 84 52 37 7 35 9 78 6 31 8 45 81 3 36 66 99 10 71 67 59 22 63
