Multiple size <= 100
TEST 1 ARG:88 82 75 48 12 21 7 29 76 62 24 91 43 4 17 54 11 61 59 85 46 36 30 27 10 51 99 95 19 35 44 13 77 25 47 8 16 86 68 90 14 0 45 60 73 55 84 83 22 39 33 98 66 28 53 23 18 42 71 67 89 26 34 50 9 1 80 74 63 2 69 6 31 87 15 40 49 5 81 56 41 93 58 70 37 20 65 97 64 57 96 78 32 52 79 92 38 72 3 94
TEST 2 ARG:53 65 26 81 14 3 9 71 91 2 95 69 92 79 28 56 52 51 66 77 35 87 30 25 40 86 1 83 75 85 58 89 0 59 64 60 80 13 97 41 57 82 46 37 24 62 48 21 32 93 19 5 36 22 55 50 76 72 54 42 45 12 67 49 39 23 94 33 10 29 31 20 70 15 11 16 18 34 6 98 4 68 99 61 90 96 73 27 84 47 44 78 17 43 38 63 8 88 74 7
TEST 3 ARG:14 90 1 84 18 89 88 64 80 68 86 93 96 47 67 31 27 39 22 59 71 52 49 35 33 45 4 15 40 6 25 63 57 50 81 42 79 78 65 94 99 73 46 66 74 69 77 55 76 97 58 8 41 38 61 12 82 56 2 10 91 20 23 24 53 51 7 13 17 11 48 30 43 3 37 60 95 29 5 28 44 21 75 26 9 34 54 19 0 70 62 72 87 83 85 32 92 98 36 16
TEST 4 ARG:8 98 31 28 14 3 79 95 15 44 12 34 51 52 93 40 53 77 16 47 85 61 48 36 22 24 39 71 30 5 18 69 58 87 56 89 72 59 73 29 75 57 92 78 19 60 42 43 99 7 76 68 62 97 4 91 37 54 38 64 83 13 25 88 26 49 0 94 27 46 6 32 55 23 80 1 86 70 63 82 41 9 45 67 10 35 84 50 74 90 96 11 65 2 20 66 17 81 33 21
TEST 5 ARG:69 25 61 39 15 5 71 2 90 98 83 49 57 51 18 0 24 76 81 28 92 3 1 47 31 41 53 62 75 32 50 63 99 33 84 26 12 64 73 94 87 70 27 14 8 23 86 95 85 93 34 65 19 60 96 55 56 11 10 9 37 68 16 42 38 89 30 40 6 74 21 22 43 82 91 36 17 7 59 54 29 72 46 4 88 13 80 52 77 35 66 97 58 48 79 44 45 67 20 78
TEST 6 ARG:69 53 81 88 27 21 9 13 60 65 74 55 11 96 26 39 86 36 82 35 58 37 93 76 72 98 5 33 24 67 1 85 41 77 31 56 78 73 32 79 87 63 47 92 75 59 52 3 57 42 25 2 64 45 99 51 16 38 84 97 20 68 94 30 17 49 12 95 4 91 23 54 19 83 18 34 50 66 90 8 71 44 89 6 10 7 0 15 40 48 62 70 43 80 29 61 22 14 46 28
TEST 7 ARG:82 27 38 40 1 52 78 72 48 29 79 96 62 26 49 50 89 41 23 98 39 15 87 61 70 43 14 85 45 36 46 65 42 11 88 20 67 97 54 74 37 69 59 25 30 83 81 75 18 71 16 9 19 33 95 28 7 84 99 94 76 90 80 57 0 68 24 35 53 60 44 73 31 51 77 6 56 66 21 64 32 63 17 12 93 10 86 91 2 4 13 34 55 22 47 5 3 58 8 92
TEST 8 ARG:19 82 12 83 52 40 41 73 42 60 50 5 2 89 45 29 31 16 1 66 81 76 58 28 10 20 4 71 77 64 33 0 48 7 65 61 11 14 53 92 72 39 18 43 35 85 87 34 25 17 37 51 23 9 8 30 44 21 38 55 13 54 90 47 80 49 74 97 63 3 86 84 88 99 36 95 94 69 15 26 79 46 91 93 57 6 75 32 24 68 22 59 27 96 78 67 56 70 98 62
TEST 9 ARG:7 2 77 36 1 25 68 32 22 5 24 72 62 50 75 55 59 49 27 35 83 76 95 92 64 3 91 58 57 0 37 47 63 42 66 80 93 17 12 31 74 98 41 14 88 84 48 13 19 51 54 20 4 96 94 18 56 89 60 29 11 9 34 6 46 52 44 28 10 67 26 97 65 70 61 45 85 8 78 71 39 21 33 82 15 69 53 87 86 38 79 73 90 23 30 43 99 16 40 81
TEST 10 ARG:53 63 43 96 42 33 36 24 34 27 57 22 67 56 15 64 61 26 91 65 17 74 54 3 66 11 23 9 49 88 79 75 30 32 4 89 0 10 25 35 55 99 78 81 69 14 18 8 21 37 50 59 84 38 7 94 68 39 82 12 98 31 16 97 80 92 48 47 71 85 52 95 1 13 2 70 6 46 93 87 77 51 41 62 58 90 44 60 5 40 73 72 76 83 29 20 28 86 45 19
TEST 11 ARG:86 67 22 50 3 0 46 36 25 24 90 28 69 6 44 97 21 70 37 35 82 23 13 78 54 4 48 42 12 89 61 96 7 80 15 17 2 71 32 56 76 99 29 93 63 57 83 39 20 87 74 65 77 43 49 41 75 73 95 52 31 10 98 33 26 55 47 92 38 79 8 88 11 85 1 5 34 30 68 45 84 91 66 14 72 19 51 18 59 81 64 40 9 60 58 53 27 94 62 16
TEST 12 ARG:69 86 96 84 79 58 53 10 35 29 19 85 44 73 52 5 90 51 1 45 59 93 16 65 39 61 40 4 34 42 77 20 0 43 71 12 57 47 8 41 28 26 38 66 22 68 25 21 98 15 94 46 18 64 99 74 81 63 54 9 56 83 76 24 36 13 2 95 37 30 7 97 27 62 14 82 49 92 32 6 80 78 23 3 17 75 88 33 72 89 67 11 55 50 60 70 48 91 31 87
TEST 13 ARG:37 19 61 24 60 88 71 41 17 97 93 25 16 68 94 75 29 62 23 11 42 91 21 48 1 87 8 95 89 52 64 22 31 46 70 15 69 56 5 18 50 39 65 35 78 82 54 47 14 26 80 36 43 84 58 66 85 63 32 92 83 73 6 20 79 76 0 13 96 81 4 28 53 30 49 38 10 86 98 45 27 44 12 55 77 74 72 40 9 3 33 90 2 99 34 57 67 7 51 59
TEST 14 ARG:88 53 43 46 5 84 91 27 66 82 70 47 89 21 28 36 26 59 73 7 22 45 2 86 98 8 16 50 29 94 6 87 13 90 52 40 20 49 31 42 71 61 32 51 35 63 12 14 58 34 19 10 1 38 69 68 80 39 57 72 30 54 81 0 75 74 37 99 79 97 62 55 56 83 15 23 96 65 17 44 18 33 77 92 60 67 4 24 41 64 76 95 85 78 3 25 93 11 9 48
TEST 15 ARG:40 50 86 52 58 37 8 12 65 22 20 25 33 69 47 39 98 44 87 2 3 7 10 57 38 95 62 60 36 88 56 61 90 75 35 74 71 24 46 23 26 54 93 67 70 30 32 11 76 85 63 4 51 43 19 64 89 34 82 31 92 94 28 18 79 96 6 91 49 53 14 0 81 17 84 99 29 16 59 66 73 42 5 55 21 45 80 97 78 68 9 1 13 15 27 77 83 48 41 72
TEST 16 ARG:41 54 64 69 59 75 11 42 65 57 99 40 68 14 89 36 50 79 67 63 28 49 0 17 3 46 24 15 55 72 6 21 86 23 27 58 18 53 44 60 90 9 38 88 12 95 48 82 76 74 43 85 81 94 45 87 5 92 73 62 35 31 4 1 93 80 70 66 25 56 13 22 84 61 52 47 71 19 29 20 2 32 51 98 8 97 34 96 91 77 7 39 37 83 33 78 26 10 16 30
TEST 17 ARG:97 82 66 47 90 13 43 19 58 55 65 31 17 53 6 22 36 28 39 54 79 50 60 12 72 61 71 67 3 70 23 93 18 1 7 20 59 26 51 15 34 69 84 57 11 52 86 63 0 24 64 14 46 2 5 37 10 98 99 44 38 35 29 80 16 21 91 77 94 81 95 27 88 87 62 85 74 76 42 78 73 56 48 49 25 45 4 32 68 9 89 40 33 41 30 75 96 8 92 83
TEST 18 ARG:11 21 20 91 41 13 84 80 57 16 51 78 64 5 74 90 72 7 81 79 50 44 87 39 12 73 83 70 56 54 77 71 82 66 38 85 17 46 40 97 34 9 98 15 93 86 25 36 42 37 27 23 45 92 48 24 19 33 43 6 18 62 55 52 2 10 47 14 32 89 0 60 68 31 76 63 67 95 1 4 22 29 28 75 99 49 59 61 30 88 58 3 35 65 53 94 26 69 8 96
TEST 19 ARG:89 37 81 51 67 16 7 58 18 83 50 71 40 6 72 31 90 56 70 22 24 21 96 59 8 94 46 77 88 45 84 20 1 53 36 44 2 98 47 64 74 0 35 26 11 78 4 91 38 66 99 86 17 57 5 9 14 61 63 54 15 93 34 75 3 92 32 68 76 62 49 33 65 30 73 82 48 39 19 28 25 79 97 80 85 12 87 41 13 43 95 55 42 23 69 52 10 29 27 60
TEST 20 ARG:99 97 96 33 71 58 80 17 26 23 5 45 74 65 76 87 44 47 6 91 13 15 90 60 94 40 98 27 16 52 84 31 18 10 88 46 66 2 89 37 73 53 3 83 30 32 22 92 82 39 59 72 95 9 70 55 20 34 48 54 28 36 38 43 1 7 21 64 29 11 63 8 68 93 78 24 25 77 69 75 35 4 62 14 41 61 0 81 57 56 86 51 42 79 50 12 19 49 85 67
TEST 21 ARG:56 50 5 13 1 73 58 16 33 14 36 78 69 42 94 53 15 74 39 6 43 20 93 25 21 75 82 4 83 17 71 49 62 32 37 97 52 65 60 77 90 92 45 48 76 11 8 79 22 54 89 85 81 29 86 34 35 0 18 3 72 26 55 84 31 98 12 87 38 68 64 70 59 28 61 63 57 67 7 44 24 23 9 10 66 47 95 91 80 88 96 51 2 46 99 40 30 41 19 27
TEST 22 ARG:79 54 76 44 89 82 75 34 81 17 90 22 51 18 12 96 45 88 31 35 1 85 0 74 20 19 83 3 84 42 7 52 14 63 2 38 62 70 41 94 27 48 49 16 5 56 71 57 10 55 13 97 58 21 61 39 36 47 6 77 8 9 72 91 25 46 73 28 78 86 59 37 80 98 24 32 92 69 95 87 4 50 93 43 33 99 23 68 15 64 26 29 30 67 66 60 40 65 11 53
TEST 23 ARG:44 78 12 61 91 71 66 74 84 19 79 46 40 97 82 72 54 56 21 32 50 85 1 70 26 24 23 49 5 99 73 3 90 8 30 17 59 86 53 35 55 43 75 18 11 76 89 9 83 20 16 10 69 4 0 28 33 7 15 80 39 67 81 31 27 98 36 14 58 47 42 87 88 38 48 94 68 34 41 60 96 52 77 64 95 62 93 6 2 25 45 57 65 63 37 51 22 92 29 13
TEST 24 ARG:21 7 93 22 40 70 59 24 58 57 65 50 16 38 25 56 85 52 79 19 74 29 35 42 17 72 46 54 18 61 47 97 53 13 34 92 36 80 20 68 39 73 95 10 4 98 94 87 6 75 78 28 27 66 2 48 64 82 91 32 88 62 71 31 84 76 49 44 5 60 81 69 23 77 41 67 99 89 8 14 86 45 12 3 26 0 55 96 90 51 15 33 63 37 9 83 30 43 11 1
TEST 25 ARG:34 43 39 53 24 28 62 87 94 83 91 90 70 14 66 68 61 50 76 69 25 45 79 95 26 51 2 57 71 44 40 7 75 18 12 58 60 20 17 27 82 38 80 3 22 88 41 46 92 37 36 98 10 48 9 11 30 59 99 35 1 16 47 73 63 72 4 15 93 31 21 0 19 84 29 49 56 78 55 74 8 23 52 85 64 42 6 77 86 65 13 81 67 89 96 32 54 97 33 5
TEST 26 ARG:11 71 92 66 62 97 15 75 5 43 85 0 87 42 93 89 72 55 17 57 45 96 27 23 24 18 49 79 28 98 60 83 16 90 1 94 86 37 44 67 7 3 36 74 20 70 32 52 80 30 91 33 14 4 21 48 58 65 2 63 95 51 9 99 10 35 38 61 68 53 84 73 78 22 25 41 13 39 54 77 26 31 46 40 88 29 50 82 34 12 56 59 6 76 8 64 81 47 19 69
TEST 27 ARG:36 17 8 45 98 31 13 16 47 89 65 28 3 58 86 95 54 5 14 91 99 84 62 35 51 72 97 92 50 53 80 44 40 76 64 74 7 37 18 30 68 22 94 27 34 29 66 57 0 87 39 52 41 32 33 38 73 90 85 15 48 88 96 49 75 46 19 60 71 59 12 83 78 25 42 55 20 26 11 79 1 9 67 77 24 82 61 70 81 56 43 23 69 10 63 4 6 2 93 21
TEST 28 ARG:60 89 66 95 23 70 26 24 64 80 0 52 27 97 83 41 30 77 10 93 29 61 54 92 19 14 99 39 17 38 44 50 16 12 11 18 94 42 72 63 48 57 59 88 56 79 7 71 43 22 67 91 31 13 86 46 21 98 6 62 90 73 87 75 84 45 3 25 74 40 58 51 32 53 47 81 69 37 76 8 15 1 20 55 85 36 5 35 28 9 2 68 34 65 49 4 82 33 78 96
TEST 29 ARG:32 87 73 38 67 11 86 23 42 84 76 37 98 16 47 17 43 4 94 22 58 14 80 36 52 21 40 56 78 75 59 68 8 88 61 46 31 34 97 29 54 18 64 19 10 53 99 3 33 89 50 74 93 48 85 27 41 65 49 79 12 77 44 66 83 5 24 71 15 81 13 7 1 82 20 63 91 25 0 92 90 72 9 45 26 51 39 30 96 95 2 69 62 60 35 28 70 6 55 57
TEST 30 ARG:29 94 30 9 69 44 5 65 79 77 8 25 34 56 89 11 99 87 67 4 18 96 36 37 57 53 98 82 61 40 68 75 23 84 48 70 90 2 62 39 51 13 22 91 46 49 3 33 7 55 1 42 15 80 27 86 52 47 85 71 0 28 31 35 74 24 26 20 64 17 32 95 38 19 76 78 92 83 88 10 60 73 63 54 14 93 58 81 43 12 97 72 66 16 21 6 59 45 50 41
TEST 31 ARG:95 10 36 44 17 80 12 3 11 29 33 68 79 97 6 19 25 78 59 18 94 20 96 93 57 40 83 69 34 1 70 58 30 77 38 91 90 37 21 27 87 60 62 73 72 51 43 92 46 47 31 71 54 85 32 35 75 0 86 26 28 9 52 8 63 66 55 88 64 81 99 39 49 45 4 65 2 41 42 76 15 50 7 22 5 67 56 24 13 82 14 23 53 48 61 89 74 16 84 98
TEST 32 ARG:72 80 62 78 50 11 34 6 7 14 60 65 90 93 98 1 40 82 52 91 17 87 99 84 16 4 33 64 28 41 81 38 18 92 70 68 63 0 26 58 29 67 42 5 19 22 9 23 57 54 75 73 2 43 97 76 56 48 12 32 3 39 25 20 89 24 44 31 13 27 35 59 10 53 36 85 21 37 96 94 8 83 88 45 51 71 66 77 95 79 47 74 86 46 69 61 30 15 55 49
TEST 33 ARG:61 95 20 0 4 78 71 12 63 86 21 23 55 74 70 30 91 99 68 72 22 77 17 45 34 35 97 27 10 59 39 69 5 64 36 26 49 31 73 19 66 51 57 94 96 85 56 40 67 60 48 28 75 98 2 83 81 6 53 76 9 93 8 65 33 25 79 18 47 88 52 32 7 92 13 1 3 14 11 89 41 84 82 90 43 87 42 54 58 37 44 50 38 16 80 46 24 15 29 62
TEST 34 ARG:83 44 14 48 34 42 56 77 62 45 11 29 75 59 22 87 66 57 6 68 94 73 49 64 18 84 99 35 19 72 89 36 5 32 92 50 9 23 15 63 80 60 54 76 43 67 55 98 28 70 53 38 39 79 85 13 47 3 97 8 25 51 61 93 0 40 20 17 26 52 37 16 24 27 33 7 71 86 2 58 41 82 81 96 74 88 95 4 12 90 69 46 30 91 65 10 21 31 78 1
TEST 35 ARG:68 78 97 86 77 18 9 49 34 83 55 53 16 2 47 1 59 69 25 67 15 24 96 19 38 79 93 8 85 11 70 4 28 43 48 0 63 44 66 82 35 7 46 29 3 61 71 6 65 50 94 90 21 13 84 89 5 88 12 72 39 17 30 45 40 62 54 27 10 98 58 81 52 80 75 76 57 73 14 92 51 37 23 33 91 20 95 60 56 36 64 87 32 42 74 26 31 22 41 99
TEST 36 ARG:87 37 4 36 54 80 11 61 25 79 59 0 96 38 53 5 39 49 74 32 99 18 67 6 58 66 68 44 91 75 90 97 69 82 50 84 21 51 34 10 2 26 65 89 77 17 43 93 22 64 23 8 42 78 24 92 14 57 13 56 81 83 47 73 45 33 48 28 20 85 63 7 76 41 46 72 27 94 29 3 88 95 1 70 12 16 86 31 98 40 15 19 52 35 30 55 71 62 60 9
TEST 37 ARG:71 89 35 11 57 72 14 7 26 49 78 98 40 5 86 80 63 6 50 83 56 9 25 21 3 23 88 34 8 70 1 19 75 45 22 4 36 68 51 2 93 82 66 74 44 48 17 55 37 38 29 52 46 81 61 79 99 10 73 77 95 59 20 92 90 94 87 69 31 54 13 15 32 85 18 60 62 47 76 42 64 24 16 67 27 58 30 84 65 97 43 39 0 41 96 33 12 28 91 53
TEST 38 ARG:24 9 98 75 84 92 30 5 23 71 68 41 64 19 82 38 17 21 11 85 88 87 6 72 1 37 59 52 45 96 47 86 99 14 22 15 60 13 46 25 40 2 54 3 7 97 90 33 91 63 66 56 31 29 80 70 27 62 89 4 8 51 76 61 32 77 81 42 39 74 69 53 34 26 12 16 65 28 94 58 73 55 67 18 36 48 43 10 93 44 95 79 50 35 0 57 78 20 49 83
TEST 39 ARG:63 51 65 14 17 53 9 31 1 54 80 91 0 95 23 59 16 66 42 18 7 22 62 58 72 61 96 27 45 98 30 77 68 81 28 24 70 38 79 8 37 50 12 97 55 3 4 74 35 85 41 99 92 94 86 20 78 64 32 26 89 33 57 36 25 56 11 29 6 5 19 87 90 83 34 46 73 13 67 93 71 21 39 69 75 76 15 2 84 60 44 10 43 47 52 82 48 40 49 88
TEST 40 ARG:87 46 10 72 80 17 43 70 9 42 37 77 38 85 69 22 26 51 99 19 34 48 35 5 0 67 54 88 18 95 79 94 13 78 21 57 56 41 30 23 68 32 98 14 86 20 49 7 74 6 33 27 8 93 61 63 4 15 97 39 65 55 44 71 76 45 3 91 59 53 73 12 66 92 47 84 75 1 58 50 90 31 11 83 62 2 28 25 40 24 52 89 36 60 96 29 16 81 82 64
TEST 41 ARG:99 46 33 62 15 76 17 98 21 23 22 5 49 13 91 37 80 68 41 27 1 70 40 2 45 58 97 39 48 88 11 63 20 35 42 28 95 73 57 60 18 85 55 9 65 47 44 52 84 26 7 4 92 29 66 71 93 16 72 30 89 34 90 36 75 24 8 81 3 79 83 61 12 32 77 74 78 0 94 53 56 25 50 14 43 67 69 54 51 10 87 86 19 82 38 31 64 96 59 6
TEST 42 ARG:28 55 32 90 54 35 98 24 23 37 18 29 94 17 46 36 10 91 12 89 80 61 15 13 92 59 40 65 52 33 77 83 53 44 42 74 56 47 3 26 48 96 51 21 8 31 30 41 86 20 6 27 73 2 25 72 82 99 60 9 84 16 63 71 70 4 19 87 5 0 38 7 43 93 88 34 95 1 45 64 58 39 79 85 81 50 97 78 14 57 49 22 75 76 62 69 11 68 67 66
TEST 43 ARG:20 6 87 53 79 8 47 68 46 62 74 44 4 63 17 18 27 64 5 99 15 57 29 7 84 21 69 9 10 40 50 12 2 59 19 97 61 37 91 76 0 94 28 42 58 75 96 14 89 78 90 36 82 41 26 73 30 93 48 98 51 70 45 86 1 31 92 3 34 65 56 81 55 95 67 23 71 39 43 80 11 33 16 77 32 35 52 85 38 72 24 54 25 88 13 22 83 60 49 66
TEST 44 ARG:13 86 9 60 30 21 90 37 69 70 77 80 18 63 31 76 43 78 94 98 68 32 88 15 29 5 50 36 95 35 84 75 28 48 64 47 12 22 1 46 19 25 44 58 83 27 11 34 16 89 20 55 6 53 61 96 92 8 79 23 2 42 81 33 49 97 52 54 66 85 17 62 51 59 56 7 82 0 71 14 91 73 26 3 87 74 4 10 57 72 99 65 93 45 24 40 67 38 39 41
TEST 45 ARG:48 30 52 10 40 63 2 8 28 92 46 9 50 57 75 51 95 14 83 49 88 35 33 41 68 96 11 36 85 0 23 39 91 76 97 80 31 19 32 84 26 7 67 98 77 13 65 24 45 53 87 5 18 25 3 6 62 15 86 93 74 79 21 61 73 34 44 22 66 72 12 71 20 4 54 81 70 99 64 43 56 42 78 38 16 58 82 69 17 1 60 29 89 47 27 37 55 90 94 59
TEST 46 ARG:16 32 34 24 40 68 6 50 58 49 15 79 29 35 47 20 91 27 76 1 83 39 17 55 65 67 25 23 43 75 63 3 93 82 45 28 98 77 80 37 11 56 87 41 13 72 44 2 88 78 96 71 12 74 36 51 48 42 94 5 26 9 33 61 66 95 0 21 18 53 7 52 57 46 22 81 62 90 59 70 60 14 64 10 69 97 4 19 73 92 99 86 85 84 89 30 31 8 38 54
TEST 47 ARG:88 97 4 80 81 18 77 66 83 5 89 76 68 92 47 74 27 73 42 7 91 65 58 84 24 40 29 53 99 82 44 37 20 17 59 43 69 67 39 90 78 55 60 25 33 23 51 85 9 48 41 3 28 15 94 6 22 87 16 12 49 10 45 61 98 8 13 19 35 75 2 46 26 93 50 36 86 79 54 62 63 95 11 31 34 71 32 72 21 14 57 56 96 30 52 70 38 1 64 0
TEST 48 ARG:78 92 14 34 88 94 30 59 71 33 29 19 38 47 49 20 36 91 50 84 43 98 97 18 46 80 17 75 79 93 85 89 11 81 48 42 55 65 72 83 6 44 25 86 15 41 51 63 96 54 39 2 57 32 53 66 40 16 82 61 23 0 9 70 69 99 74 95 37 21 4 90 24 73 68 7 5 22 62 77 67 12 52 64 60 3 26 10 58 56 1 8 31 45 76 28 35 13 27 87
TEST 49 ARG:54 31 41 12 63 86 25 46 82 27 42 17 78 91 60 97 94 81 4 70 59 99 96 1 13 47 26 40 19 89 35 57 22 48 10 21 87 20 11 45 24 65 34 29 0 64 55 98 56 39 7 62 84 5 71 6 61 77 23 72 52 76 28 18 44 79 38 92 3 37 9 93 68 80 67 85 8 83 33 30 75 74 58 95 2 66 73 88 32 49 53 51 43 36 90 69 16 14 50 15
TEST 50 ARG:5 3 46 98 10 49 26 70 33 75 15 24 25 55 81 1 38 94 9 50 82 95 57 48 51 84 53 8 17 97 14 73 18 60 62 67 34 99 20 77 36 96 68 86 28 19 11 2 63 78 45 40 54 16 65 21 64 71 42 31 91 88 56 32 47 90 37 52 29 85 74 79 12 72 93 87 6 66 7 44 4 35 89 69 43 92 27 80 30 23 61 76 13 58 22 83 39 59 41 0
TEST 51 ARG:22 91 64 55 90 16 36 47 31 63 3 35 52 81 92 28 21 54 49 25 12 65 73 57 95 27 8 58 60 37 23 48 74 46 97 30 98 7 13 70 39 87 5 80 67 79 20 18 14 19 44 94 66 50 29 1 38 76 84 82 32 24 4 72 53 89 68 56 83 10 42 86 34 93 43 59 9 2 69 40 77 17 33 99 45 85 75 96 15 61 41 78 11 6 88 51 0 26 71 62
TEST 52 ARG:12 65 63 4 32 24 23 72 74 93 20 47 56 10 89 27 21 64 48 87 16 97 58 50 15 36 77 60 22 14 9 76 67 81 66 88 29 28 68 69 54 90 31 79 8 18 40 2 49 0 11 57 42 91 99 19 85 7 6 75 30 41 53 95 26 44 84 92 13 94 80 38 70 39 86 37 45 71 96 1 59 5 33 3 51 46 62 98 78 55 35 52 34 83 43 73 17 82 25 61
TEST 53 ARG:85 18 35 5 26 25 99 59 67 30 3 95 11 9 68 39 60 75 23 14 54 8 10 84 43 32 7 28 4 94 52 16 77 62 37 63 79 47 19 46 44 49 92 31 90 15 41 78 50 21 20 55 12 87 36 24 48 2 13 96 82 33 40 81 1 56 70 51 64 45 6 98 61 97 71 53 83 88 29 72 91 58 93 74 89 38 0 86 17 42 57 69 80 76 27 73 34 66 22 65
TEST 54 ARG:39 92 32 96 87 13 99 70 21 15 58 48 10 7 40 4 59 16 2 74 71 69 42 1 90 54 78 61 35 37 8 0 68 23 63 85 67 24 75 86 64 27 52 82 72 81 46 34 44 84 57 19 31 18 76 28 20 95 3 89 26 36 66 14 60 97 25 55 5 77 50 33 65 11 56 38 41 49 22 62 47 6 83 98 51 29 79 45 53 93 88 94 43 17 73 9 30 12 80 91
TEST 55 ARG:32 8 11 86 10 21 16 31 23 57 30 33 42 96 94 92 63 69 14 82 13 9 24 34 47 78 79 49 77 52 85 98 3 90 40 71 54 38 75 89 65 76 88 44 6 15 74 83 87 26 53 67 39 5 29 19 18 41 0 55 99 43 59 1 56 70 2 28 17 60 66 27 37 45 25 93 84 73 80 7 20 58 51 62 91 48 50 81 97 68 64 12 61 72 36 95 4 35 22 46
TEST 56 ARG:18 60 28 58 42 53 10 71 27 68 17 61 12 96 51 5 83 35 65 33 48 37 2 38 41 63 43 62 55 16 97 8 84 52 6 24 45 11 80 95 89 57 77 69 3 59 92 20 78 26 75 22 13 19 70 7 79 90 21 50 14 64 85 74 36 40 9 29 88 47 56 73 98 15 1 30 93 34 72 76 81 44 46 39 86 4 67 94 23 91 99 31 49 87 66 0 25 54 82 32
TEST 57 ARG:63 69 25 48 81 68 74 83 2 70 50 19 72 24 46 41 96 4 73 29 61 86 8 71 12 93 40 11 14 9 54 22 35 10 7 90 57 53 56 75 34 18 76 77 5 84 0 23 98 21 92 49 79 3 45 94 97 17 6 20 87 91 89 28 39 64 15 43 26 78 67 66 36 16 80 85 58 62 99 82 27 13 51 52 30 37 42 47 60 32 59 95 55 88 33 65 44 31 1 38
TEST 58 ARG:79 48 6 78 7 28 12 65 47 91 33 70 86 14 3 24 63 9 66 59 90 45 52 51 11 0 60 13 42 64 96 76 93 38 25 85 20 54 37 43 4 27 17 32 30 74 26 58 40 88 73 19 18 83 56 92 67 77 36 57 8 15 10 46 1 75 98 81 55 35 31 99 87 71 23 16 49 82 84 72 95 39 29 22 5 21 50 94 61 2 69 97 68 34 41 62 44 53 89 80
TEST 59 ARG:39 48 75 42 91 34 63 14 97 40 26 84 88 65 18 55 8 24 28 23 76 66 87 20 45 5 57 2 15 67 81 0 51 21 33 35 98 54 22 71 6 46 99 70 32 25 56 9 78 30 74 29 52 72 13 82 96 92 4 68 16 44 62 89 58 73 10 59 11 60 49 7 36 19 12 43 3 47 41 86 38 17 1 50 80 83 37 53 27 90 95 69 61 93 64 94 31 77 79 85
TEST 60 ARG:93 88 65 14 25 28 44 41 49 20 66 30 85 70 59 13 77 37 7 10 45 78 64 18 47 76 29 33 52 12 62 24 22 11 55 86 27 42 9 35 60 3 79 68 46 98 21 92 89 5 99 17 96 91 81 0 50 75 1 36 15 4 43 58 67 80 84 53 82 87 2 72 71 57 95 73 39 23 56 90 34 16 31 94 61 38 48 97 83 19 6 74 26 54 69 51 32 63 40 8
TEST 61 ARG:48 22 17 28 19 76 4 1 56 54 9 60 39 59 72 45 61 83 32 64 33 13 82 37 44 99 43 75 41 88 31 96 53 57 81 63 40 0 38 84 20 73 34 46 97 80 78 25 27 79 87 85 24 8 51 86 5 90 95 6 42 50 68 93 65 69 74 18 94 77 11 10 49 71 98 89 15 26 7 58 12 30 91 29 62 23 67 16 3 21 36 47 35 52 92 70 14 2 55 66
TEST 62 ARG:66 9 87 10 43 45 20 94 3 44 42 26 61 8 77 40 38 70 13 83 15 5 39 19 60 17 71 80 72 36 62 47 7 4 73 27 0 24 96 78 86 98 50 23 99 1 69 49 22 84 55 82 29 16 67 54 35 90 85 11 37 92 76 28 48 93 68 53 97 65 31 89 88 63 81 14 18 56 91 34 59 58 57 12 95 32 75 25 52 21 51 46 6 33 30 79 64 2 74 41
TEST 63 ARG:6 23 92 20 36 22 85 41 7 86 27 63 56 81 25 55 67 28 87 49 88 48 93 17 50 32 29 89 37 73 70 8 80 74 40 39 68 51 9 60 99 4 61 95 57 16 91 24 53 65 45 94 96 72 69 82 79 83 14 3 11 98 43 90 19 2 54 15 84 77 62 97 66 10 31 64 59 78 76 47 33 21 35 38 13 52 0 46 75 42 34 58 5 1 30 44 18 26 12 71
TEST 64 ARG:47 13 75 41 63 11 28 58 68 72 10 5 98 20 55 95 39 33 64 70 8 45 48 73 99 65 49 35 77 52 78 46 4 79 85 56 91 25 50 62 1 74 26 7 14 57 89 81 51 40 23 0 24 83 29 80 86 76 19 27 38 37 87 88 15 12 34 84 93 2 16 71 3 31 21 69 53 42 60 30 22 32 17 9 61 67 90 96 18 43 97 54 66 6 36 92 94 44 59 82
TEST 65 ARG:81 66 70 20 79 65 97 82 30 52 78 48 43 41 14 15 5 93 22 76 36 51 16 4 11 91 27 8 60 42 21 12 73 98 84 88 25 61 58 74 53 13 63 24 64 75 0 57 3 47 17 35 19 45 49 90 32 26 83 23 9 39 37 28 10 69 38 92 33 54 71 85 89 96 6 95 67 99 80 1 94 40 44 50 31 2 7 62 18 46 56 72 86 68 87 55 34 77 29 59
TEST 66 ARG:52 58 59 74 2 70 43 94 42 36 10 0 78 40 3 54 84 60 77 99 26 9 87 48 27 56 46 95 6 80 72 4 5 75 17 63 32 57 30 50 82 79 53 62 31 16 13 44 73 25 89 28 66 19 7 90 21 51 39 14 33 18 24 61 96 22 11 76 35 47 29 15 55 64 20 69 68 93 49 45 92 38 97 65 67 37 86 34 91 71 88 98 8 85 81 1 12 23 83 41
TEST 67 ARG:96 10 93 89 92 42 66 8 2 97 80 75 30 85 91 88 50 16 13 70 3 43 79 19 9 78 25 65 63 23 58 4 67 82 49 6 18 1 32 62 77 95 5 59 72 7 73 29 61 41 24 52 98 36 0 57 53 33 69 38 55 40 17 11 20 46 14 26 34 64 99 84 47 71 12 76 54 39 45 28 44 48 87 31 35 74 37 27 90 68 21 60 15 56 94 22 83 51 81 86
TEST 68 ARG:58 0 94 61 51 56 37 15 69 79 18 60 84 10 82 86 34 13 27 85 32 46 73 55 11 88 65 47 90 66 21 71 23 16 95 24 68 30 42 83 31 20 41 14 78 57 6 25 8 28 29 97 40 63 45 26 54 59 87 64 72 76 43 53 2 5 91 9 62 33 4 99 81 74 49 98 19 39 22 3 93 80 48 75 35 96 36 70 17 89 38 12 77 1 67 7 50 52 92 44
TEST 69 ARG:82 15 40 63 49 24 61 99 33 26 2 36 35 54 55 67 25 44 78 22 52 5 97 17 9 11 96 72 81 29 50 34 3 80 45 39 0 66 71 77 1 23 69 43 62 31 59 89 83 92 60 46 94 18 84 38 13 68 95 98 47 48 70 57 16 4 51 74 32 88 75 90 86 19 7 8 41 53 14 56 65 42 30 73 93 79 76 58 12 85 91 27 37 28 10 64 21 6 20 87
TEST 70 ARG:19 90 66 94 79 33 23 87 8 56 88 1 71 0 84 18 91 13 92 96 57 61 63 50 40 59 30 35 95 3 38 82 74 85 7 41 72 32 83 26 44 53 76 99 43 65 16 67 93 29 80 89 69 39 97 70 21 12 20 28 78 58 81 31 62 73 14 24 48 86 51 36 64 49 37 34 2 77 27 47 42 10 54 9 11 98 46 6 55 52 75 22 4 60 5 45 15 17 68 25
TEST 71 ARG:25 0 41 46 18 47 82 23 55 90 42 65 44 99 98 95 10 68 86 77 26 2 40 4 51 52 97 16 88 74 70 66 78 48 56 39 89 73 63 28 69 93 45 24 36 21 49 64 76 58 8 12 80 83 38 6 50 20 19 7 71 22 96 87 61 9 30 60 85 72 15 75 35 11 53 91 37 79 57 43 59 33 94 17 32 5 29 81 27 92 54 1 62 14 84 31 3 34 67 13
TEST 72 ARG:33 2 3 31 65 39 62 41 11 51 28 91 27 85 43 73 20 70 42 26 19 99 66 17 53 77 9 40 24 72 1 95 84 93 78 88 49 90 32 94 69 83 59 79 0 89 36 97 58 5 82 30 8 74 15 50 29 7 35 60 23 63 57 87 86 34 68 25 92 81 6 22 12 16 37 98 67 45 71 10 47 75 44 14 56 46 13 64 61 21 4 76 96 54 52 38 80 18 55 48
TEST 73 ARG:15 89 95 22 2 23 16 71 27 47 97 96 73 34 83 86 10 69 44 56 28 67 42 52 18 85 63 78 75 24 5 43 37 74 46 17 60 12 8 66 36 61 72 3 62 9 49 81 31 48 87 64 82 20 51 7 91 68 70 19 26 50 33 79 77 55 94 65 80 54 21 45 92 90 0 11 32 53 59 76 58 6 29 4 35 13 38 14 39 30 1 93 40 41 84 99 88 57 25 98
TEST 74 ARG:20 75 19 4 66 68 43 8 31 58 64 44 82 40 36 50 55 3 52 60 84 34 59 2 98 18 97 51 46 79 10 80 93 88 5 17 86 96 81 29 41 71 63 91 47 25 56 42 49 57 27 89 15 53 61 92 67 48 22 99 7 76 70 1 35 83 6 65 28 26 77 72 39 85 0 14 33 45 21 62 37 95 24 90 94 54 11 87 69 30 16 13 23 74 38 78 32 73 9 12
TEST 75 ARG:66 52 53 37 38 10 7 71 19 57 41 14 85 13 89 64 98 9 65 67 74 59 82 75 4 92 26 63 83 61 21 17 95 2 68 88 8 27 58 69 5 32 77 97 48 28 25 18 29 84 54 42 94 45 56 39 73 60 70 31 55 0 49 34 22 90 96 79 62 23 44 35 15 47 86 20 11 3 91 93 51 12 6 76 87 30 1 33 80 78 43 36 99 50 81 72 24 46 16 40
TEST 76 ARG:32 59 88 75 84 33 35 71 99 69 47 57 43 95 79 56 22 60 11 77 92 68 15 9 72 85 28 30 66 5 19 67 49 12 97 91 96 94 65 89 34 26 21 90 18 54 7 44 53 1 82 48 93 83 50 63 58 40 61 16 51 76 55 10 8 27 13 17 4 3 38 2 74 31 37 24 0 73 86 6 20 14 87 78 81 42 39 98 80 25 36 23 46 52 70 29 64 62 41 45
TEST 77 ARG:94 14 87 90 84 64 92 17 98 51 0 78 58 31 36 10 59 45 93 91 69 70 35 81 25 67 16 13 32 50 41 46 39 11 12 62 96 63 6 74 72 27 2 37 75 7 61 28 19 8 3 24 99 77 95 80 1 83 56 4 79 21 53 18 54 60 55 33 73 97 26 44 89 49 88 23 29 15 40 20 86 34 57 5 43 47 71 76 52 65 30 66 38 9 68 42 85 22 48 82
TEST 78 ARG:53 78 42 61 31 77 41 62 4 36 93 72 9 96 10 40 24 7 21 69 64 30 0 79 86 17 75 50 55 35 89 97 99 88 11 39 84 38 3 58 73 34 16 8 57 33 54 98 67 65 29 1 15 22 51 85 60 94 32 70 63 27 18 87 49 74 81 5 59 47 43 46 56 19 26 71 66 45 91 37 80 83 2 52 20 92 76 48 44 95 12 82 13 6 23 90 25 68 14 28
TEST 79 ARG:19 16 32 96 68 38 76 80 71 53 91 56 49 85 59 0 4 77 51 97 84 67 36 99 66 7 8 15 69 31 64 45 81 26 75 37 87 86 63 20 70 25 29 83 35 3 42 52 34 44 1 39 89 94 50 41 2 43 72 54 78 6 57 18 46 55 82 27 9 93 88 11 92 22 28 79 90 33 30 47 17 61 95 74 65 58 12 98 24 60 5 73 23 48 13 10 14 40 62 21
TEST 80 ARG:48 33 46 78 6 70 91 52 55 11 40 96 93 65 59 32 45 51 26 15 64 28 50 39 30 31 4 57 81 67 97 84 3 29 92 13 12 34 89 8 53 16 47 35 88 49 0 43 60 83 1 61 72 38 25 2 10 79 63 69 99 24 74 58 23 21 56 86 19 71 87 94 20 77 5 36 73 62 42 44 95 41 17 68 75 22 76 82 37 18 90 9 66 80 54 7 27 85 98 14
TEST 81 ARG:22 5 43 21 34 39 91 10 73 32 55 69 99 62 40 31 11 25 3 98 48 94 28 35 68 78 77 14 67 1 46 9 45 85 29 51 84 8 52 6 75 18 76 97 37 13 49 0 96 82 65 41 24 23 71 61 89 74 72 26 36 17 80 83 50 66 30 42 16 92 54 90 7 95 58 44 64 93 59 15 2 56 19 27 33 79 63 87 60 86 38 53 12 20 88 57 81 4 70 47
TEST 82 ARG:75 16 48 61 77 88 30 28 95 27 8 97 51 69 34 82 29 35 87 7 12 66 96 33 10 14 0 64 78 31 6 26 2 99 86 52 84 43 53 92 59 85 73 90 22 45 94 32 5 21 40 76 4 55 46 58 79 65 37 3 70 89 42 9 68 50 67 57 18 91 39 60 98 20 1 11 93 36 54 23 72 63 56 15 74 80 49 81 83 24 44 17 41 38 47 19 25 71 62 13
TEST 83 ARG:33 41 80 56 94 13 45 95 83 48 6 22 72 92 73 47 17 35 2 34 69 53 37 55 70 64 78 23 44 77 38 40 18 62 14 42 19 4 28 61 26 51 5 25 11 8 21 50 79 46 84 65 52 58 3 98 75 96 12 88 67 43 36 57 87 0 59 54 7 27 74 90 71 29 86 82 32 39 1 81 91 93 85 99 97 60 10 24 30 15 76 89 66 68 63 16 49 31 9 20
TEST 84 ARG:49 98 89 73 33 93 78 53 82 46 76 34 1 28 63 72 94 16 3 31 56 40 45 79 58 8 4 77 54 95 36 11 80 38 7 97 67 35 25 88 14 60 47 6 37 55 62 43 29 17 91 23 15 48 44 2 18 39 59 41 12 13 61 84 24 66 96 74 42 83 70 20 30 90 75 10 65 50 52 27 51 64 21 85 19 22 32 81 69 68 92 57 87 0 86 71 9 99 26 5
TEST 85 ARG:98 78 71 70 69 67 85 29 50 15 18 37 30 7 9 26 61 56 60 96 43 34 53 77 8 90 32 39 83 84 58 12 14 79 36 88 17 59 87 1 10 97 46 57 21 33 64 25 48 72 95 73 19 13 23 5 16 0 38 63 22 11 51 93 74 44 52 62 55 47 2 20 75 94 40 54 35 66 76 65 27 81 86 24 31 82 45 3 91 28 92 68 6 41 4 99 80 49 42 89
TEST 86 ARG:40 82 71 20 91 4 73 74 63 93 87 94 80 97 78 23 90 14 61 55 62 99 81 13 31 59 54 70 37 46 58 29 7 95 85 66 33 41 11 68 1 35 2 6 16 52 92 65 19 98 96 76 48 89 72 10 53 21 0 47 38 9 15 84 88 64 86 83 79 50 60 18 32 17 43 26 28 56 49 44 39 77 27 42 5 34 67 57 12 3 24 8 45 25 69 51 30 36 22 75
TEST 87 ARG:13 68 70 84 23 40 4 0 11 27 59 41 21 78 5 24 86 91 39 65 77 82 83 92 64 37 46 62 81 29 98 97 1 34 89 3 35 26 58 44 50 31 2 25 52 12 76 7 6 30 72 79 45 36 38 49 74 73 67 56 90 85 18 99 10 19 63 87 54 71 51 33 95 43 47 17 88 55 53 8 14 96 93 28 75 9 20 61 69 22 16 15 94 32 57 80 42 66 60 48
TEST 88 ARG:53 27 30 32 80 6 83 49 98 45 18 3 8 93 54 0 70 85 82 12 71 97 50 99 35 61 90 37 78 95 31 64 19 29 2 58 5 79 36 44 86 84 38 60 46 73 39 67 9 72 47 52 65 77 17 42 55 10 94 26 81 43 56 68 21 22 33 89 69 4 23 24 11 34 62 63 91 96 15 7 20 57 40 75 92 14 66 13 25 76 59 1 48 41 16 87 51 88 74 28
TEST 89 ARG:38 87 90 35 9 54 2 67 80 60 97 53 95 76 46 39 58 5 81 11 37 68 66 69 57 14 16 55 70 63 96 44 43 51 30 56 21 24 93 84 10 64 17 1 6 26 41 59 20 12 77 49 28 33 65 50 86 19 13 0 99 45 31 36 40 92 25 74 8 34 18 29 61 83 15 23 94 62 89 82 85 52 91 72 47 48 7 3 75 22 79 88 78 32 71 73 4 98 27 42
TEST 90 ARG:53 16 34 4 32 78 23 25 10 44 73 71 66 43 58 55 33 49 46 7 35 40 12 38 13 2 69 56 91 88 87 97 98 41 62 42 14 37 89 93 79 52 77 24 99 6 27 76 36 85 50 60 28 92 74 3 48 21 86 81 5 61 54 51 39 19 80 9 84 20 94 30 45 8 70 57 96 59 0 29 67 31 22 75 47 64 15 11 26 82 65 18 95 83 90 17 63 68 72 1
TEST 91 ARG:95 45 61 64 54 31 72 19 41 12 70 51 67 16 8 13 9 27 33 88 6 57 59 23 56 15 77 62 82 5 37 35 32 94 55 39 83 98 1 42 22 66 25 17 80 29 10 58 91 18 21 40 96 30 93 3 20 60 4 63 43 34 0 84 48 71 89 87 47 7 75 14 52 76 46 24 50 81 74 79 11 99 85 36 2 38 65 53 90 26 44 69 68 28 73 78 97 86 49 92
TEST 92 ARG:29 83 2 98 56 94 20 57 89 67 33 30 68 51 16 62 15 24 35 90 36 40 50 1 70 63 55 49 0 31 12 81 3 39 60 76 85 18 28 53 47 77 44 58 92 97 65 95 38 61 22 84 80 99 71 72 96 48 74 23 26 82 8 14 27 46 87 69 11 25 93 13 79 41 4 54 66 19 86 5 9 10 6 42 78 37 75 45 59 88 17 52 73 91 34 7 21 64 32 43
TEST 93 ARG:46 73 25 40 36 92 5 84 93 96 58 34 42 10 70 0 19 67 91 21 17 59 98 9 57 82 66 68 83 63 90 88 75 31 12 15 35 85 38 2 86 54 39 78 27 50 6 43 45 95 77 89 60 94 23 33 41 56 3 51 62 24 76 14 87 4 20 52 64 80 71 79 18 48 28 99 26 37 65 81 49 16 8 1 32 7 30 53 13 11 72 47 74 22 97 29 44 61 69 55
TEST 94 ARG:38 48 92 15 11 12 78 21 14 74 25 28 58 66 45 90 39 57 56 51 86 53 46 80 9 63 85 82 75 19 67 37 55 35 95 16 27 33 99 76 17 8 2 54 91 65 69 79 89 24 47 7 43 5 42 83 84 34 81 93 22 96 20 40 71 31 13 1 44 18 29 94 68 3 70 50 60 10 59 97 64 49 73 98 77 61 62 0 36 52 87 4 6 23 72 88 32 26 30 41
TEST 95 ARG:27 69 29 45 60 31 66 82 8 65 80 96 61 44 17 73 53 16 22 32 93 64 71 48 75 77 2 46 50 90 52 95 42 68 58 59 57 41 86 72 23 35 89 6 12 85 36 24 81 47 4 62 74 76 43 88 1 10 18 28 70 25 26 51 21 40 83 97 63 13 38 98 7 30 78 34 39 94 9 49 3 20 99 19 15 92 54 5 55 84 79 14 91 11 0 37 67 56 33 87
TEST 96 ARG:69 73 1 24 13 20 57 59 62 21 83 34 41 10 91 36 5 67 49 40 86 70 12 32 38 93 9 44 47 33 75 60 23 80 52 90 17 78 55 29 42 63 94 28 25 82 61 16 56 2 11 6 68 30 74 3 18 66 99 87 39 19 97 71 58 79 27 72 48 89 92 37 53 54 76 45 88 4 98 35 0 31 26 85 8 84 77 46 43 50 7 14 15 95 64 22 51 81 96 65
TEST 97 ARG:20 39 2 33 52 51 50 19 14 44 65 71 89 38 85 68 59 35 22 80 47 24 84 62 26 12 60 16 73 93 64 15 40 67 6 10 23 28 90 17 58 86 31 78 8 29 13 7 92 41 77 3 53 94 87 81 75 27 0 4 37 88 70 91 5 9 1 55 79 96 74 57 45 82 76 11 25 63 34 56 66 21 36 18 32 54 95 46 97 69 61 30 43 72 49 83 48 99 98 42
TEST 98 ARG:75 32 31 43 44 27 81 35 3 92 61 14 52 33 18 57 93 89 5 82 56 51 70 37 19 88 55 34 66 20 64 0 45 71 77 98 38 2 16 36 25 6 40 73 76 90 15 54 29 99 46 23 60 87 49 63 79 48 78 96 47 11 4 58 8 68 21 17 30 72 41 59 95 50 91 13 94 67 97 28 84 83 10 53 22 42 7 74 80 24 62 69 1 85 12 65 9 26 86 39
TEST 99 ARG:71 55 29 27 43 3 53 34 15 24 69 20 38 88 42 6 63 75 91 98 12 73 65 57 22 58 94 87 50 74 18 9 62 77 79 67 36 68 8 90 19 49 48 40 61 21 37 17 26 47 13 1 85 45 0 83 80 64 82 81 41 2 30 84 4 33 51 59 89 7 93 72 54 46 52 16 92 10 23 95 11 14 66 39 99 56 5 60 35 28 70 32 96 31 86 25 97 44 76 78
TEST 100 ARG:75 77 70 84 35 19 89 42 56 94 1 48 63 68 22 80 3 92 57 78 4 60 13 46 32 79 73 33 62 52 9 20 65 67 81 99 98 54 8 50 11 64 43 2 34 25 17 5 21 55 24 18 27 31 14 0 72 76 95 91 28 59 71 51 36 49 23 86 40 7 83 15 97 85 39 88 66 12 44 61 16 30 69 96 53 82 90 47 87 45 37 29 93 6 74 26 41 58 38 10
TEST 101 ARG:97 48 0 70 7 64 53 65 47 67 36 84 13 71 55 14 38 20 8 32 78 27 57 96 59 42 10 83 54 51 41 49 46 5 61 17 88 82 31 56 92 12 39 33 4 75 25 40 22 21 74 86 30 85 91 43 73 72 11 6 45 34 15 76 93 89 44 58 79 80 81 69 99 28 16 24 52 95 26 9 60 23 37 2 29 63 94 1 68 87 66 62 35 50 98 18 19 3 77 90
TEST 102 ARG:47 34 1 24 48 20 96 60 65 82 66 6 79 49 41 21 38 94 62 17 33 50 28 39 37 7 22 4 86 51 27 5 71 90 84 12 80 43 54 85 64 78 0 13 95 36 15 25 83 32 30 59 88 3 23 93 46 77 18 42 10 9 35 68 29 45 2 19 73 61 72 56 81 70 92 91 69 67 31 26 97 99 74 44 16 55 76 52 98 53 11 14 75 40 58 8 57 63 87 89
TEST 103 ARG:59 69 57 85 7 90 40 11 32 95 16 18 61 70 66 76 17 79 42 84 19 89 92 46 37 24 80 3 51 91 77 43 56 98 2 97 65 68 48 22 62 47 23 99 30 13 53 74 10 72 64 33 96 94 63 88 14 71 20 12 38 35 67 5 58 36 49 39 93 0 29 81 4 9 82 45 6 28 34 1 50 8 54 83 15 52 55 21 78 44 87 26 41 60 27 86 75 73 31 25
TEST 104 ARG:41 91 34 66 85 15 79 97 76 18 47 22 12 67 81 9 24 77 0 17 95 35 20 49 11 50 74 21 96 56 1 89 48 31 58 63 45 6 72 86 5 29 62 65 23 90 92 54 75 19 51 43 28 44 73 37 33 13 80 38 7 57 25 3 88 46 42 84 40 94 52 78 27 60 2 71 70 10 53 26 98 36 30 32 68 83 55 64 61 39 69 87 4 93 14 8 82 16 99 59
TEST 105 ARG:49 41 45 28 93 62 37 55 89 90 61 47 59 42 58 43 25 87 29 96 10 83 81 53 79 16 68 64 85 30 88 74 44 33 70 35 34 24 14 57 31 7 22 56 91 84 9 27 40 12 77 98 26 63 15 38 71 11 67 13 52 19 2 65 69 51 4 75 17 1 72 66 36 39 20 0 86 97 54 48 78 8 46 6 94 32 3 82 99 23 95 18 80 76 5 73 92 60 21 50
TEST 106 ARG:10 89 13 56 15 78 20 76 90 34 23 45 84 59 9 37 40 1 72 57 51 17 98 49 83 69 29 77 92 91 32 5 58 52 42 96 26 66 85 46 14 94 2 35 25 79 7 63 81 44 31 4 50 88 70 60 18 64 0 54 33 55 22 87 24 73 82 8 67 3 16 28 36 30 71 6 99 97 74 11 86 38 95 75 93 47 68 53 43 19 21 61 62 39 41 80 27 12 48 65
TEST 107 ARG:17 41 60 4 37 36 50 49 52 2 99 27 57 83 45 85 0 74 47 84 70 69 30 68 53 12 38 92 94 90 87 7 75 42 14 19 21 62 56 26 24 97 78 58 80 73 43 96 86 72 23 76 28 10 1 48 55 93 3 64 13 98 15 65 44 20 79 8 95 59 31 40 91 35 34 63 77 81 54 11 66 61 16 46 51 18 67 88 6 71 82 29 22 9 39 25 32 89 33 5
TEST 108 ARG:87 49 72 27 3 11 40 80 94 83 44 18 48 79 55 31 99 95 76 62 74 24 88 19 32 93 46 77 84 26 29 54 0 1 85 39 53 47 65 23 69 2 37 30 81 14 28 22 70 92 96 56 89 64 16 4 8 61 57 97 12 13 34 60 42 86 50 51 52 25 98 71 66 45 21 82 5 90 67 7 63 6 38 58 59 41 35 33 78 20 9 43 75 17 68 73 91 15 10 36
TEST 109 ARG:23 1 56 76 85 8 22 16 19 74 87 2 35 18 39 12 95 14 98 80 63 10 49 75 51 41 28 20 71 29 78 86 94 47 17 45 24 26 65 48 79 46 96 62 54 59 30 38 73 82 83 52 89 55 33 42 9 93 91 68 57 81 13 64 92 53 60 90 99 15 3 0 11 88 44 72 21 6 7 25 27 32 4 31 67 77 50 69 84 97 66 40 34 37 36 58 70 61 43 5
TEST 110 ARG:25 42 80 79 2 55 46 99 9 39 15 66 59 35 77 72 89 22 64 10 57 11 31 49 84 13 0 30 76 88 86 24 7 14 74 58 28 54 69 78 19 21 56 98 96 38 27 8 41 93 91 70 29 62 51 65 95 32 71 48 34 43 33 36 6 50 82 75 68 60 26 44 52 16 92 73 90 67 20 87 5 18 12 47 45 63 1 81 3 94 53 97 85 83 40 4 37 17 23 61
TEST 111 ARG:72 6 74 49 9 27 57 38 19 76 13 95 40 41 68 84 46 77 28 78 56 86 44 98 3 64 43 48 88 60 51 59 97 10 91 50 62 39 87 25 69 31 66 5 63 37 81 4 89 65 96 79 33 75 21 99 23 20 16 85 32 83 53 22 14 2 42 58 94 8 73 15 1 54 11 82 26 45 90 12 71 36 93 17 7 35 47 18 30 61 92 52 55 34 24 70 29 80 0 67
TEST 112 ARG:43 39 91 35 75 41 38 2 90 65 56 9 21 55 3 49 29 52 88 92 58 64 20 36 63 15 25 28 62 11 81 61 67 97 86 27 16 66 40 68 33 5 59 70 72 12 24 85 4 89 44 78 19 87 93 82 34 37 45 77 50 95 42 14 32 79 10 53 23 69 83 46 22 30 71 76 6 0 96 80 18 31 13 8 74 47 7 84 48 51 94 57 1 98 73 54 60 99 17 26
TEST 113 ARG:59 24 43 31 65 14 18 23 87 38 28 26 44 55 12 6 81 77 90 57 75 34 92 96 5 60 20 79 15 10 72 13 27 83 22 78 80 40 50 39 62 66 7 71 93 85 98 68 33 2 3 64 45 35 21 63 37 0 51 32 56 58 9 48 99 25 30 54 70 53 4 74 67 11 94 41 1 52 88 17 84 19 97 82 95 47 29 91 49 76 8 61 86 42 46 89 36 69 16 73
TEST 114 ARG:8 97 22 18 86 76 48 44 79 19 50 23 49 36 59 81 89 26 95 72 33 98 83 46 51 58 74 28 66 57 6 64 41 16 93 15 90 67 4 14 78 45 75 32 71 96 42 70 82 73 27 84 9 88 5 52 85 62 24 69 35 55 21 25 10 47 17 60 77 29 20 87 30 1 39 56 0 38 68 7 13 80 37 53 54 63 31 61 91 2 43 65 40 99 3 92 12 94 11 34
TEST 115 ARG:92 42 75 41 10 95 63 25 26 97 60 56 80 72 31 83 9 11 3 15 47 29 77 40 71 91 22 21 62 94 6 90 0 70 55 54 78 93 27 99 98 35 17 2 33 16 87 86 23 88 5 19 66 43 39 64 89 28 68 67 69 30 45 32 38 48 37 96 13 44 18 1 36 4 34 57 24 73 51 79 61 81 85 65 84 20 82 58 49 76 50 53 7 74 12 59 8 46 52 14
TEST 116 ARG:22 5 14 55 31 74 66 88 90 0 37 84 95 15 82 65 16 46 56 33 40 60 79 29 76 63 24 12 67 96 11 68 17 3 32 27 44 85 49 50 89 51 62 41 47 25 4 97 53 36 83 99 13 28 59 73 61 52 21 35 42 64 6 8 43 70 10 81 2 9 78 91 45 98 69 18 75 72 7 58 48 86 54 87 23 1 38 20 39 77 80 94 34 71 92 19 93 26 57 30
TEST 117 ARG:94 56 93 25 83 47 12 41 44 68 86 52 91 97 23 64 11 18 31 49 6 36 28 73 54 35 34 79 45 60 53 90 77 62 16 15 82 72 14 70 74 81 38 27 51 67 87 75 43 58 96 88 59 85 39 9 57 0 3 13 71 5 89 48 76 7 33 63 61 66 40 10 50 2 46 8 1 99 30 98 95 19 69 17 37 24 78 65 92 4 42 20 21 84 32 26 29 55 80 22
TEST 118 ARG:43 56 46 85 41 7 73 20 92 74 84 28 82 45 9 13 57 89 50 8 14 62 26 75 39 63 44 10 36 77 51 70 97 90 37 35 34 19 22 15 52 66 23 0 6 67 95 68 4 21 2 17 16 38 87 79 61 32 64 72 80 99 30 33 42 47 27 1 96 40 91 60 49 3 93 71 98 88 31 29 54 86 18 81 53 78 24 25 94 69 58 11 65 76 59 55 83 5 48 12
TEST 119 ARG:97 10 43 73 49 92 68 23 9 13 32 26 3 98 76 20 31 27 18 72 86 77 34 1 67 83 66 56 79 47 84 57 65 33 50 4 95 14 46 16 63 60 35 8 55 53 54 25 17 88 81 62 45 85 91 29 19 93 59 38 99 2 96 40 30 75 87 36 48 64 0 58 21 71 69 22 5 74 78 39 80 90 15 24 7 41 82 28 61 44 12 52 94 6 51 89 37 42 11 70
TEST 120 ARG:96 58 13 54 70 4 72 55 86 91 77 39 48 68 56 26 76 35 19 11 80 18 10 23 74 51 16 30 59 66 17 6 22 62 83 81 64 34 0 84 3 87 85 47 71 89 7 40 69 98 95 33 63 60 25 45 53 82 65 52 2 94 29 8 61 38 15 90 5 24 14 27 57 44 37 31 1 21 93 97 99 41 67 50 49 73 36 20 9 75 12 88 78 43 92 79 28 46 32 42
TEST 121 ARG:82 60 14 58 67 70 72 53 35 9 31 59 5 3 75 97 83 94 51 55 89 39 6 12 11 86 98 42 52 13 90 92 57 74 46 93 20 32 1 85 65 21 69 4 91 33 66 27 0 40 41 50 2 79 43 25 80 81 24 64 68 88 54 48 47 18 61 19 84 22 34 30 7 77 71 8 96 78 62 26 29 76 63 45 49 16 56 10 44 36 73 95 23 38 28 15 17 37 99 87
TEST 122 ARG:66 13 79 73 10 32 45 58 16 51 86 70 98 15 12 99 43 59 74 49 82 34 56 55 48 29 94 14 42 38 21 25 96 92 28 9 57 46 5 78 88 36 47 90 22 65 77 2 76 27 71 18 41 44 83 19 80 91 4 53 26 24 33 39 69 63 0 60 23 20 50 52 87 68 97 85 62 7 1 30 89 17 67 93 72 37 3 6 11 35 40 31 54 81 8 64 95 61 84 75
TEST 123 ARG:97 40 85 74 90 96 35 72 39 30 56 98 21 82 16 12 61 75 81 49 42 86 94 62 37 9 59 57 91 41 58 92 20 33 76 0 68 54 15 84 31 14 1 63 60 46 13 47 26 44 69 67 80 25 2 89 87 34 24 70 71 66 5 29 52 93 28 4 45 88 79 22 6 55 73 77 38 64 83 27 7 32 10 11 51 48 99 43 65 50 78 18 3 95 53 23 36 8 19 17
TEST 124 ARG:74 45 63 98 46 3 84 27 0 28 83 52 67 36 20 78 49 89 56 99 87 2 82 69 18 41 25 75 4 21 68 14 31 64 96 88 39 35 15 73 50 17 59 6 48 33 40 29 61 5 38 8 76 71 60 11 94 43 34 91 51 13 32 86 24 81 42 47 90 85 53 37 72 16 97 26 1 30 10 92 77 44 65 95 70 66 80 23 9 79 22 58 54 57 62 7 19 55 93 12
TEST 125 ARG:91 18 41 24 26 67 57 85 29 81 14 54 43 96 74 80 53 30 78 94 86 73 47 12 92 33 55 82 77 50 3 40 68 17 59 34 39 76 64 66 62 69 51 21 25 58 75 95 99 28 44 11 32 31 20 60 46 22 2 49 16 1 5 6 45 35 89 88 8 27 97 10 0 83 19 23 90 98 56 52 70 38 65 61 9 72 7 93 48 63 37 87 36 84 13 15 4 79 71 42
TEST 126 ARG:37 88 29 98 45 42 84 51 36 3 66 86 14 25 58 18 68 10 94 91 30 6 97 79 44 24 5 61 70 46 56 28 47 82 38 71 89 76 48 87 2 73 95 85 96 49 27 50 53 9 1 90 67 43 55 16 83 13 65 21 62 23 19 31 80 60 57 0 63 4 75 26 40 69 35 33 41 81 34 20 64 54 74 7 93 92 22 39 99 8 59 77 17 72 32 15 11 52 12 78
TEST 127 ARG:93 42 26 54 83 44 33 49 64 88 92 15 11 78 86 30 85 17 97 48 20 37 63 66 81 59 95 75 94 35 6 58 28 1 46 96 84 39 60 41 0 72 50 32 21 12 74 19 31 57 18 3 40 90 29 34 67 87 45 10 68 52 79 51 25 99 98 71 77 16 82 2 70 80 36 47 65 27 23 22 91 76 5 38 24 14 69 89 9 4 55 7 61 73 8 13 53 62 56 43
TEST 128 ARG:1 50 96 24 69 82 72 10 6 31 4 80 30 48 68 14 53 20 3 54 93 40 35 63 22 13 75 89 7 33 64 78 49 90 58 45 67 15 9 55 25 2 91 86 98 88 66 46 84 43 47 97 77 87 95 34 79 99 83 94 65 62 12 19 71 51 44 52 32 56 74 37 18 70 26 76 73 28 36 17 21 27 23 29 5 39 16 59 81 61 0 92 42 60 11 85 8 41 38 57
TEST 129 ARG:47 55 29 50 73 41 10 51 93 14 43 66 80 60 16 67 22 34 18 39 35 46 71 17 26 36 72 44 75 69 87 25 99 86 52 57 27 94 70 21 90 15 77 6 58 96 82 0 19 37 53 4 13 31 48 56 59 5 9 49 83 28 3 79 97 85 2 89 84 76 40 24 11 12 1 32 20 7 81 98 8 88 23 63 64 42 91 30 74 62 95 54 65 38 61 45 68 33 78 92
TEST 130 ARG:1 56 38 60 75 83 14 69 93 24 20 28 51 53 65 0 72 25 42 13 8 57 36 70 17 31 82 9 37 79 58 35 90 18 59 48 39 99 6 62 45 86 61 76 52 50 2 23 12 47 84 78 15 34 27 3 63 67 80 88 98 66 41 40 26 89 68 94 92 30 74 7 81 43 19 32 10 5 16 55 11 87 77 54 97 85 46 71 64 44 21 96 91 22 73 95 49 4 33 29
TEST 131 ARG:88 51 86 76 29 9 10 53 84 3 52 95 83 89 39 48 59 87 41 54 99 80 90 20 14 17 82 1 37 64 61 0 33 12 97 49 18 77 4 92 67 91 30 26 45 60 94 19 23 25 36 56 27 69 43 78 7 21 66 24 79 72 38 40 46 57 47 8 73 65 13 22 68 98 28 55 44 15 32 93 31 85 5 96 42 81 2 71 16 70 62 58 34 35 6 50 63 75 74 11
TEST 132 ARG:54 39 49 80 78 44 40 31 16 36 19 12 38 74 34 53 20 91 48 96 26 63 21 99 4 86 13 32 50 22 72 46 30 7 67 23 33 59 42 60 64 87 65 75 77 35 89 43 98 79 61 5 15 90 25 62 68 55 27 45 73 69 66 2 28 14 83 81 70 71 37 11 57 24 18 56 1 94 0 97 47 9 88 76 82 8 93 29 6 58 17 51 52 95 85 3 41 84 92 10
TEST 133 ARG:56 69 6 82 75 22 50 17 51 48 57 71 55 25 76 42 3 46 4 77 8 66 64 65 73 26 44 54 36 40 59 28 43 70 13 41 2 27 9 16 84 98 7 53 96 49 85 97 78 94 5 35 23 86 93 62 80 39 95 63 20 81 91 34 11 37 88 60 90 79 12 18 1 0 47 92 74 14 83 15 67 30 19 87 31 61 29 45 52 10 72 33 32 99 38 24 68 58 21 89
TEST 134 ARG:85 68 69 62 77 14 45 23 7 1 15 71 17 22 73 40 90 34 25 5 30 65 50 12 18 6 60 88 78 47 39 57 19 79 38 35 70 11 52 54 4 44 74 56 43 66 55 91 84 20 81 49 27 82 31 29 96 89 0 87 28 46 10 99 48 64 92 16 53 36 97 41 58 33 32 8 26 75 13 42 93 67 72 80 61 51 83 21 2 94 9 63 59 76 24 95 37 86 3 98
TEST 135 ARG:90 5 57 56 12 11 67 85 69 18 28 93 39 84 58 38 3 6 33 14 27 24 16 0 20 92 13 60 55 54 82 7 95 83 19 70 75 10 97 77 94 50 25 65 51 40 29 76 64 2 53 63 31 48 36 32 61 86 30 96 78 43 72 34 21 26 15 98 4 37 35 89 81 87 46 1 49 42 91 74 9 22 8 23 44 66 47 99 52 41 88 62 80 68 45 71 17 73 59 79
TEST 136 ARG:15 21 45 56 81 14 77 10 99 95 54 36 62 11 93 87 53 91 0 17 26 61 9 48 63 31 86 52 3 47 16 7 37 46 8 13 78 83 49 34 18 66 42 74 84 5 60 65 75 79 57 68 70 59 58 80 25 67 73 2 12 71 85 51 69 39 4 28 97 38 24 1 64 19 33 44 35 22 6 32 76 29 23 98 96 92 88 90 50 89 43 41 94 72 40 20 82 30 27 55
TEST 137 ARG:1 88 69 15 16 60 20 48 18 3 44 76 54 68 12 10 21 84 75 51 94 82 83 27 93 65 95 86 58 5 53 81 31 42 52 6 28 36 62 41 57 25 38 70 61 26 32 78 30 45 96 91 33 9 14 73 56 47 55 35 77 85 92 11 4 87 0 66 89 39 13 23 74 98 17 79 71 43 29 7 19 59 80 22 63 24 40 99 50 2 34 90 8 49 46 72 64 37 67 97
TEST 138 ARG:27 8 23 10 53 99 11 14 25 44 74 86 20 77 41 82 4 92 79 51 33 47 59 19 71 2 0 30 38 31 52 35 63 5 96 72 7 90 55 67 88 16 57 76 60 97 12 29 69 61 22 17 37 95 39 68 81 58 78 6 93 46 15 64 3 56 32 43 40 80 36 84 54 91 42 21 50 85 70 66 9 13 26 87 34 75 98 28 1 24 94 62 49 48 18 89 73 45 83 65
TEST 139 ARG:48 61 95 38 29 82 77 69 74 65 19 23 6 8 81 58 71 94 50 45 66 52 21 62 49 92 20 51 22 10 79 31 26 7 87 60 89 73 53 93 96 34 99 64 85 55 28 88 70 27 86 15 18 75 54 3 41 57 91 24 36 30 47 63 35 40 13 72 16 78 56 80 90 2 9 25 32 14 17 68 37 0 46 97 44 4 83 11 76 5 84 42 43 67 33 12 1 59 39 98
TEST 140 ARG:84 94 92 71 54 79 57 31 34 19 38 40 30 24 74 69 58 89 3 59 29 95 15 4 88 48 97 72 5 63 17 14 91 90 20 77 67 76 78 44 53 83 93 42 21 86 28 43 16 75 49 8 22 51 36 70 9 64 73 47 52 96 39 68 65 12 46 62 87 41 55 7 56 26 66 0 10 98 13 32 11 27 23 61 35 25 45 50 18 85 82 60 1 6 33 99 37 80 81 2
TEST 141 ARG:61 92 2 15 4 29 52 5 24 20 34 38 69 84 79 16 49 47 62 32 64 97 25 13 18 37 19 98 80 63 87 59 41 42 67 17 46 21 83 71 36 26 30 31 60 10 8 3 72 76 48 89 40 82 66 91 78 94 44 11 35 68 86 73 53 93 96 99 74 95 39 88 65 85 58 12 54 7 45 75 6 28 9 81 55 57 56 70 14 1 50 90 0 43 33 27 23 77 22 51
TEST 142 ARG:37 79 44 42 98 19 92 88 38 99 91 39 45 22 28 74 76 4 56 54 12 71 84 75 80 23 35 18 40 20 13 82 67 43 81 52 30 62 64 50 77 73 24 96 68 78 3 86 31 66 32 57 7 51 83 41 1 27 34 97 0 17 85 53 25 11 2 49 21 63 26 95 9 10 93 61 55 47 59 6 5 90 87 46 89 72 14 15 29 60 8 16 33 65 69 94 36 58 70 48
TEST 143 ARG:4 22 78 91 59 50 63 36 96 80 76 56 77 70 79 71 19 97 15 24 42 45 41 0 68 28 1 40 48 25 87 46 33 88 26 57 47 89 73 12 67 98 75 99 27 93 92 9 16 14 29 51 90 65 11 84 64 18 95 53 37 10 43 94 30 8 83 17 23 54 44 20 32 13 62 69 6 82 72 85 74 38 60 55 3 49 7 35 81 2 52 39 58 31 86 61 66 34 21 5
TEST 144 ARG:91 50 55 71 83 20 87 84 27 13 39 5 90 44 8 29 51 48 93 2 21 66 77 28 43 16 61 14 89 19 72 22 64 88 34 7 98 94 41 12 23 68 0 56 96 54 57 79 78 35 60 52 69 80 63 81 33 9 42 49 32 37 45 25 24 70 99 67 36 74 17 31 40 46 59 30 76 53 18 95 86 6 47 26 92 38 15 97 4 1 73 75 3 62 65 10 11 82 85 58
TEST 145 ARG:51 64 8 18 26 48 88 76 94 98 95 93 37 11 3 60 25 4 9 86 39 19 89 72 28 16 34 43 20 54 56 27 7 69 30 79 31 81 62 46 87 61 91 68 96 97 13 59 5 42 38 65 58 17 70 33 22 71 21 84 73 66 80 15 24 78 32 77 2 52 35 41 12 1 74 6 53 50 82 63 29 10 45 23 75 83 85 57 40 47 44 67 0 55 14 36 99 92 49 90
TEST 146 ARG:30 27 29 44 1 22 36 76 54 56 0 96 91 15 72 14 18 12 65 77 6 31 70 57 88 71 52 67 17 43 8 7 23 95 45 63 2 20 46 10 9 37 62 68 40 81 90 74 61 66 58 25 42 53 87 69 97 16 98 92 59 34 4 49 78 64 21 28 38 47 5 80 82 32 85 75 39 50 84 60 51 11 24 89 83 48 55 73 26 93 35 33 99 3 86 94 19 79 13 41
TEST 147 ARG:49 61 0 26 92 47 42 41 51 7 1 60 67 75 15 27 81 30 52 2 76 22 48 46 65 84 63 97 72 13 95 6 35 21 96 88 32 73 62 74 53 3 44 93 8 25 50 20 17 91 40 5 82 59 77 66 43 87 9 98 23 78 58 57 34 89 64 70 99 83 19 56 16 86 24 4 37 18 38 29 94 71 14 45 39 69 28 31 54 55 85 12 90 80 33 79 68 10 36 11
TEST 148 ARG:20 98 43 12 69 5 34 39 36 41 71 25 30 4 67 16 11 6 77 56 61 79 95 99 1 2 10 97 45 75 47 60 74 86 52 15 38 33 94 42 17 51 24 70 84 14 91 8 90 31 55 18 93 88 85 87 9 62 53 81 89 3 80 13 22 54 49 40 27 37 83 23 28 59 0 26 35 66 21 57 46 72 7 29 78 96 92 68 63 58 73 76 50 82 65 64 32 48 44 19
TEST 149 ARG:16 60 38 52 89 34 53 84 97 67 73 44 87 31 47 85 6 59 22 36 42 25 55 43 3 62 48 1 46 69 54 26 61 20 81 58 71 79 93 80 50 33 11 23 51 72 64 24 99 10 7 8 32 75 12 37 90 63 40 70 2 41 45 78 5 76 74 28 21 49 14 66 68 9 77 65 86 27 30 91 19 4 88 29 57 95 94 18 98 15 17 56 13 0 83 96 92 39 35 82
TEST 150 ARG:7 53 29 22 1 99 5 38 6 33 63 18 17 98 72 43 10 65 82 50 81 97 92 54 96 23 39 28 36 64 12 0 49 40 9 4 8 95 52 62 48 58 73 41 90 25 79 84 19 3 35 60 56 88 71 57 93 77 15 89 70 42 44 80 66 37 45 34 86 74 61 85 32 11 47 2 59 51 20 21 75 24 69 13 91 16 46 27 30 78 55 67 94 87 76 31 83 68 14 26
TEST 151 ARG:70 16 41 40 86 79 46 54 19 3 25 85 77 13 80 28 94 21 65 11 56 35 61 93 91 78 27 31 97 92 68 82 81 72 96 98 34 9 12 8 29 69 0 67 71 52 50 32 84 2 64 17 87 63 6 24 1 7 58 75 89 26 45 36 5 59 43 33 14 99 30 37 4 39 95 49 10 23 51 53 90 44 20 73 18 48 47 76 38 60 83 22 66 55 57 88 62 74 15 42
TEST 152 ARG:49 87 60 56 24 71 52 99 61 30 47 57 88 44 70 76 74 62 51 15 96 66 23 58 95 25 63 29 94 79 69 40 14 83 42 2 20 90 7 37 8 72 75 10 35 84 48 31 13 43 46 86 34 19 5 77 21 55 18 6 91 16 0 39 68 1 12 45 82 38 80 17 9 28 64 92 50 3 22 33 4 85 27 41 54 26 78 67 73 93 32 11 59 97 65 81 36 98 53 89
TEST 153 ARG:23 1 24 54 90 13 94 78 29 16 95 27 14 82 12 4 79 64 84 15 33 45 56 52 3 17 98 75 66 26 61 5 53 97 28 10 67 51 18 93 41 9 80 86 73 60 59 38 57 44 6 92 77 91 47 96 81 0 11 72 69 32 34 85 58 2 31 36 35 37 65 20 48 63 76 87 70 46 83 74 19 39 21 30 22 40 71 88 49 99 7 8 25 43 42 55 68 50 62 89
TEST 154 ARG:1 5 77 78 34 60 85 43 32 46 45 30 70 21 27 8 65 74 82 49 91 13 64 63 79 26 4 20 14 81 9 94 68 88 10 11 28 7 59 75 62 22 72 12 93 47 33 41 90 71 25 76 48 16 97 53 36 73 42 84 69 56 23 2 18 80 37 29 52 35 40 0 3 15 96 24 87 44 92 61 89 55 86 58 19 17 67 31 83 51 54 6 38 50 66 98 39 95 57 99
TEST 155 ARG:4 17 50 18 9 77 72 21 73 70 5 29 66 49 8 0 23 40 88 3 60 51 46 1 41 84 19 85 76 92 83 32 93 58 11 80 16 56 59 38 65 13 74 68 14 67 71 39 81 7 28 98 26 12 35 43 78 42 90 27 97 61 91 94 34 22 20 75 86 64 25 53 82 69 47 45 62 24 10 89 87 6 95 55 30 31 54 52 44 2 37 63 79 33 15 36 57 48 96 99
TEST 156 ARG:92 46 54 29 39 50 41 16 14 88 48 45 61 51 81 38 4 10 19 26 15 21 56 93 25 18 67 79 76 94 60 22 72 0 77 1 8 35 84 9 43 37 32 82 55 86 96 68 49 30 69 36 87 11 44 73 47 6 5 75 34 64 85 71 42 7 59 24 2 98 31 74 53 23 58 70 52 13 90 27 28 99 3 65 33 40 63 57 95 78 62 91 17 20 66 12 83 97 89 80
TEST 157 ARG:76 55 75 48 87 14 80 2 89 90 40 51 83 56 49 30 65 98 47 50 77 10 92 84 12 4 29 91 60 42 86 34 74 7 63 71 16 95 20 43 35 25 5 99 58 97 96 41 37 9 3 66 28 85 64 22 93 72 73 17 88 27 36 78 13 32 19 59 57 53 23 44 82 68 67 62 33 94 52 15 39 18 21 54 46 79 8 24 26 31 38 45 1 6 70 69 81 0 11 61
TEST 158 ARG:70 87 53 98 86 36 21 37 82 34 4 25 17 83 28 1 93 96 6 91 66 29 23 31 3 85 9 2 78 20 74 89 72 11 30 57 81 95 22 79 59 33 84 77 10 80 60 41 44 65 67 35 48 13 15 56 61 8 42 69 32 73 46 27 52 63 97 43 94 55 68 99 0 39 64 7 19 12 75 71 51 16 54 26 47 14 40 50 38 92 88 90 24 76 58 49 18 45 62 5
TEST 159 ARG:52 75 89 74 22 83 21 82 63 67 73 2 77 12 18 57 69 11 33 25 10 28 13 99 15 94 96 64 98 39 8 76 38 86 37 97 65 70 42 30 55 88 95 62 53 24 45 1 72 47 78 68 85 51 35 92 32 87 16 6 5 44 58 7 14 66 34 49 59 46 20 61 81 41 27 9 36 26 71 43 84 80 23 93 31 19 40 48 0 90 3 54 91 60 50 4 79 56 17 29
TEST 160 ARG:47 87 65 38 73 63 1 42 58 31 90 21 24 14 89 6 77 91 60 51 50 43 23 11 8 34 74 40 49 45 57 72 85 59 95 53 46 18 17 55 36 92 96 16 9 88 7 69 70 2 99 27 4 78 5 20 39 44 33 86 83 56 48 62 82 35 52 84 32 97 22 71 12 41 37 67 13 64 10 54 61 93 25 30 15 29 3 98 0 19 80 76 94 66 28 26 81 75 68 79
TEST 161 ARG:26 1 9 74 80 5 49 70 33 67 38 73 63 37 13 45 2 14 25 30 20 16 54 8 65 41 7 93 59 31 22 4 66 68 24 28 55 42 51 82 96 46 90 3 75 69 27 40 98 29 52 71 18 0 44 97 84 35 60 89 79 56 21 94 15 61 50 85 58 23 6 87 88 92 11 72 10 12 53 99 64 95 83 62 32 86 91 48 17 57 77 39 81 43 47 19 34 78 36 76
TEST 162 ARG:84 35 28 5 36 70 19 26 53 54 78 80 1 64 85 15 62 74 55 37 77 25 57 93 6 30 98 27 49 68 66 73 56 46 83 65 79 17 2 86 58 61 48 10 51 92 50 63 8 24 82 9 99 29 96 4 34 39 41 14 95 16 3 69 60 21 88 45 67 42 11 71 12 22 90 81 75 52 43 20 72 89 44 38 94 33 40 13 31 91 32 97 87 47 0 7 59 76 23 18
TEST 163 ARG:76 9 67 5 78 97 52 34 41 75 37 89 21 8 53 60 50 66 44 22 30 1 62 23 35 96 51 77 61 4 72 3 84 87 65 74 99 45 55 80 17 28 16 15 82 10 42 26 49 81 47 20 36 48 68 12 40 25 88 73 54 0 79 95 29 27 39 38 64 7 69 6 63 18 90 92 98 93 2 46 56 43 85 32 24 59 33 86 70 58 11 31 13 14 91 57 94 19 83 71
TEST 164 ARG:55 70 57 9 2 1 50 15 22 88 87 56 60 11 6 49 17 63 24 40 98 68 18 96 54 73 20 94 93 75 74 46 80 52 81 99 65 8 28 78 79 66 76 61 19 39 36 82 91 62 27 7 26 4 85 30 34 12 5 77 90 0 10 97 67 31 41 14 53 42 25 59 23 16 51 21 69 95 29 13 86 47 58 32 64 37 71 45 35 48 38 3 33 44 43 72 84 89 83 92
TEST 165 ARG:94 8 96 0 69 41 86 4 5 91 13 97 6 60 10 77 93 39 28 53 30 29 26 56 70 84 51 79 33 78 38 43 24 58 21 59 76 83 99 67 31 81 85 36 11 27 35 40 12 19 50 47 87 17 98 15 80 22 14 1 34 37 49 88 20 62 46 48 68 71 44 23 18 57 42 73 7 90 75 52 72 82 32 63 74 65 61 45 55 54 89 2 95 64 66 25 92 9 16 3
TEST 166 ARG:79 20 22 3 10 54 36 99 34 17 71 53 46 11 90 26 68 39 76 23 31 18 24 84 14 82 59 42 77 51 2 47 33 8 73 56 55 64 72 40 49 74 19 61 69 96 94 5 81 85 27 65 52 29 88 98 43 7 83 37 89 95 92 12 62 67 70 93 86 58 21 41 80 9 6 78 97 87 15 57 13 16 35 60 63 1 30 38 50 32 66 28 91 4 48 45 0 25 75 44
TEST 167 ARG:8 38 21 60 77 52 84 47 56 78 61 95 3 86 67 66 76 91 16 35 81 89 54 32 99 74 69 58 53 29 23 50 25 90 31 1 85 0 63 65 83 6 68 98 93 48 41 9 73 92 49 59 62 71 88 51 18 15 27 80 11 26 5 20 28 82 72 24 13 2 87 37 79 34 30 45 40 14 57 17 46 10 43 33 12 4 36 7 39 64 94 55 75 42 70 96 97 44 19 22
TEST 168 ARG:24 3 99 70 9 38 60 50 72 73 6 40 84 87 18 64 61 91 88 4 57 46 56 96 68 16 82 53 7 44 34 15 69 95 37 63 23 48 43 42 85 76 10 14 49 66 0 29 36 25 41 19 31 30 2 21 71 13 33 28 22 32 8 59 26 81 97 55 93 86 27 58 83 5 20 62 77 75 74 1 51 47 12 78 35 79 98 65 52 17 67 80 90 11 45 54 39 92 94 89
TEST 169 ARG:53 54 68 15 29 12 18 4 42 8 51 74 56 45 66 41 26 80 16 92 5 90 38 43 25 23 34 61 1 24 32 44 57 30 93 91 84 65 60 58 35 72 48 83 36 52 0 77 64 71 21 11 78 50 87 10 69 98 3 9 55 47 63 95 73 46 75 37 14 94 88 22 2 33 67 82 27 97 85 49 99 79 89 96 62 6 13 76 40 28 17 7 19 20 39 70 81 86 59 31
TEST 170 ARG:17 48 76 39 22 34 87 28 2 9 91 64 44 49 55 31 53 1 12 60 45 24 98 36 46 11 89 7 33 62 72 14 54 65 43 82 93 95 16 19 35 70 27 25 20 74 42 71 61 3 94 77 57 83 10 68 78 38 21 90 69 52 75 37 58 8 4 13 5 32 0 67 73 99 41 29 96 47 26 80 66 85 79 56 40 92 84 23 50 30 88 51 18 63 81 15 97 86 59 6
TEST 171 ARG:46 35 57 45 49 77 95 1 20 88 74 75 42 6 13 27 51 26 19 33 84 98 11 8 10 9 94 52 37 55 47 44 65 97 67 48 60 90 39 50 3 15 66 68 16 38 64 62 83 25 21 82 79 71 54 91 32 7 69 73 93 40 87 29 5 24 12 43 86 78 96 89 81 58 14 63 76 36 80 2 30 85 18 59 92 0 28 4 61 34 72 23 22 31 56 99 70 53 17 41
TEST 172 ARG:20 5 37 9 88 93 92 73 48 83 51 33 86 78 54 87 26 3 67 47 35 46 15 42 66 38 85 90 84 10 82 75 39 2 41 98 50 95 7 11 24 77 34 91 22 16 12 36 74 76 96 89 63 31 62 64 14 72 52 0 55 19 30 28 49 6 21 13 58 27 23 43 40 81 53 97 68 44 25 70 18 79 8 80 65 45 32 59 1 29 56 17 69 71 99 61 57 60 4 94
TEST 173 ARG:18 74 31 43 84 0 48 39 3 69 86 79 97 53 82 1 11 96 54 12 52 94 35 14 26 91 99 17 33 4 63 30 61 90 65 62 23 47 76 25 72 21 75 29 36 78 80 6 20 95 19 49 73 2 24 87 92 8 15 64 27 55 40 45 81 59 44 57 42 71 56 32 38 34 28 88 10 51 46 67 16 22 60 83 50 37 66 89 77 70 68 85 41 13 58 7 5 98 93 9
TEST 174 ARG:96 69 85 58 87 3 65 62 54 57 98 38 68 50 75 31 21 99 47 6 73 90 28 41 71 89 22 34 86 27 72 40 11 64 91 35 23 79 74 55 12 48 16 77 2 46 15 10 92 66 43 78 88 94 70 44 17 32 76 82 51 8 61 56 25 18 42 60 59 67 95 39 13 52 0 14 7 5 84 24 19 93 80 29 26 49 33 81 45 53 1 4 83 37 97 20 9 30 63 36
TEST 175 ARG:87 27 89 12 49 5 42 53 52 29 31 30 51 94 14 77 74 80 11 9 79 44 32 98 38 46 86 62 91 8 61 16 78 93 96 73 54 24 97 99 59 64 85 17 23 68 67 13 33 2 19 57 43 83 7 21 82 65 6 41 22 18 72 71 56 20 75 34 28 3 25 95 69 66 10 36 39 55 88 84 70 90 0 58 40 35 48 81 63 60 26 45 4 47 37 92 50 15 76 1
TEST 176 ARG:88 22 42 28 45 50 65 78 84 39 58 9 67 56 37 68 1 64 75 2 46 82 79 47 71 20 41 80 30 53 91 4 12 35 97 70 85 55 87 73 7 61 93 52 40 31 21 11 54 63 94 69 72 6 83 29 17 0 5 76 49 33 16 8 60 86 32 18 13 96 3 66 62 77 89 10 48 44 90 98 38 74 34 36 23 25 19 26 15 57 59 27 95 51 43 81 14 24 99 92
TEST 177 ARG:44 32 1 39 63 79 96 35 26 94 10 88 53 84 67 3 61 93 7 45 30 75 52 59 42 22 77 31 49 33 29 87 5 43 95 11 2 90 41 51 24 4 46 65 0 89 36 6 60 38 76 70 58 97 62 56 17 12 14 98 85 16 34 71 80 54 74 8 48 37 66 69 83 20 64 72 18 9 23 99 40 47 57 86 13 68 28 82 73 91 19 55 21 78 15 92 27 50 25 81
TEST 178 ARG:52 44 49 74 39 71 16 78 22 21 47 29 53 97 45 81 19 77 91 94 69 64 99 14 6 30 57 86 92 23 84 35 31 46 89 41 20 26 82 13 28 73 15 70 68 59 61 75 1 58 62 5 7 50 66 56 27 10 18 88 11 37 65 95 8 76 34 93 83 96 25 80 9 33 32 43 2 85 72 79 60 98 87 24 12 0 51 17 42 54 36 63 40 55 38 90 67 3 48 4
TEST 179 ARG:70 64 71 41 38 13 44 89 88 31 15 69 50 36 18 62 25 90 28 81 95 61 92 0 33 30 87 14 47 65 74 27 12 35 60 59 54 67 72 63 51 68 2 34 20 23 7 26 75 78 85 19 8 96 73 48 80 24 56 66 99 57 39 82 93 37 32 94 42 86 17 52 10 77 84 55 21 4 9 3 97 43 83 6 16 98 45 91 5 46 22 40 49 79 29 53 11 1 76 58
TEST 180 ARG:13 6 49 92 97 11 77 48 43 90 64 87 4 85 46 42 3 9 29 45 0 82 72 69 23 15 52 14 71 30 44 16 81 28 26 89 31 38 10 55 73 83 95 78 39 60 62 2 27 24 19 80 22 84 88 99 41 7 74 53 76 40 91 37 67 56 34 51 5 65 68 58 96 33 75 66 63 47 94 1 61 70 25 17 18 59 57 12 8 36 93 21 32 86 50 79 98 35 54 20
TEST 181 ARG:43 11 44 53 64 31 51 18 68 99 5 34 90 97 27 83 15 52 19 42 36 96 89 65 0 50 88 91 26 75 59 24 92 32 66 3 74 57 28 38 39 9 87 82 79 80 4 77 10 95 6 40 14 56 46 81 12 37 93 41 29 54 70 55 30 25 7 86 47 62 17 94 35 71 49 73 22 63 21 84 13 33 78 58 8 16 23 2 98 60 45 76 85 48 20 1 61 67 69 72
TEST 182 ARG:6 16 46 70 48 69 78 20 7 38 99 57 50 32 42 47 35 73 8 25 79 97 18 15 87 34 9 68 83 56 19 5 74 22 81 39 29 60 59 66 30 0 89 96 72 11 45 43 27 91 31 49 95 17 54 33 92 2 1 28 53 93 51 23 61 62 65 40 58 86 85 67 13 44 55 3 80 12 75 71 63 88 21 36 41 64 26 4 37 94 14 76 77 52 90 82 98 10 84 24
TEST 183 ARG:42 48 45 82 80 7 77 9 21 43 50 68 33 54 15 1 11 23 51 20 86 28 96 97 31 55 35 63 57 92 25 88 12 16 6 60 56 10 69 52 65 36 98 99 24 79 47 59 8 74 4 32 84 22 73 81 26 30 62 83 94 67 87 2 37 38 46 91 85 64 53 39 58 18 0 95 90 19 75 93 66 71 27 40 3 89 49 78 72 61 5 76 29 44 41 13 70 14 17 34
TEST 184 ARG:89 14 91 73 18 98 3 60 47 67 15 10 86 50 90 8 23 72 68 56 4 37 9 17 22 5 42 75 32 11 93 1 40 65 63 13 96 52 61 81 54 46 35 51 49 62 27 77 99 74 38 25 7 20 28 92 30 16 26 44 33 39 21 6 53 78 0 66 45 76 59 95 12 36 71 43 31 19 64 97 85 84 58 55 24 82 88 48 29 87 57 80 70 34 79 2 69 94 41 83
TEST 185 ARG:92 89 65 99 37 93 16 46 50 27 90 45 83 49 97 40 8 38 69 1 2 88 63 85 52 25 60 10 26 15 58 81 11 33 3 68 59 22 87 13 47 21 12 94 98 9 36 80 51 34 55 96 4 78 0 54 82 35 39 48 24 57 28 43 30 74 72 14 32 44 20 79 70 41 23 76 5 29 66 67 91 86 73 64 56 75 6 18 71 17 31 7 62 84 95 77 53 42 61 19
TEST 186 ARG:53 30 16 14 25 95 46 31 36 76 49 26 33 90 56 91 13 70 18 71 43 62 24 79 78 83 15 37 10 80 42 35 99 19 86 92 73 74 51 65 32 58 40 52 87 61 21 11 9 8 77 60 66 22 28 44 67 23 7 72 94 63 96 84 88 50 54 81 1 41 29 69 89 20 85 93 45 5 12 3 98 75 47 68 57 17 39 82 59 27 48 64 38 2 97 6 0 4 55 34
TEST 187 ARG:0 96 90 6 53 28 79 81 38 22 14 86 17 97 16 68 62 92 7 56 64 75 19 52 71 3 34 58 82 88 4 29 41 65 77 48 20 11 74 61 13 15 57 95 21 66 94 26 27 50 46 31 10 55 47 40 1 67 44 60 72 83 24 87 76 23 91 51 5 99 39 33 18 36 98 2 45 8 84 9 30 78 35 69 80 25 70 12 63 59 32 42 49 54 85 37 89 73 93 43
TEST 188 ARG:5 83 7 90 78 18 36 47 53 89 30 65 12 31 66 85 27 2 33 94 25 93 3 67 40 4 70 58 74 84 80 69 39 99 6 57 11 21 71 38 51 41 77 82 28 26 34 48 50 88 24 13 64 42 52 15 35 54 37 96 62 95 23 98 44 86 22 73 8 79 59 19 29 60 87 75 49 92 81 1 55 32 16 91 0 76 14 46 72 63 45 56 43 20 97 17 10 61 68 9
TEST 189 ARG:97 77 60 15 79 67 81 89 17 51 6 66 88 41 13 4 48 11 99 50 84 30 31 92 75 80 57 76 78 35 10 93 19 24 53 23 63 65 61 38 44 9 26 45 5 71 47 85 74 32 62 39 43 87 33 22 37 25 34 69 14 0 7 64 40 49 82 42 36 70 28 55 46 83 20 58 3 27 56 52 86 73 29 72 91 8 94 98 59 54 16 2 18 21 12 96 95 90 68 1
TEST 190 ARG:25 77 32 46 52 47 35 85 9 94 71 5 90 21 34 79 36 12 66 28 30 37 91 98 74 33 23 56 62 73 44 99 95 18 19 11 54 57 27 53 45 82 72 93 40 68 83 92 75 51 70 3 15 84 97 89 22 17 87 48 63 81 1 55 59 69 39 20 61 16 78 26 13 10 76 49 14 86 42 67 24 60 38 2 80 50 65 58 0 8 6 4 29 7 64 88 96 43 31 41
TEST 191 ARG:75 84 98 25 82 24 16 1 42 99 17 33 9 87 34 86 83 15 40 68 37 23 31 5 77 29 73 78 30 41 89 47 90 4 27 12 74 50 7 81 49 54 8 65 48 14 44 35 60 46 19 10 38 21 72 69 22 2 26 6 94 36 96 91 3 80 92 45 32 59 55 11 56 95 58 57 67 0 53 52 71 93 76 13 62 51 18 88 28 61 85 39 70 64 66 79 97 20 43 63
TEST 192 ARG:11 71 15 31 8 82 89 74 18 12 28 32 95 77 83 48 27 45 19 39 65 88 2 24 80 97 23 57 29 58 35 6 44 76 40 37 53 55 1 62 14 47 5 0 34 43 91 70 75 69 33 98 73 59 9 22 87 85 52 36 84 50 41 96 20 90 56 54 72 49 64 3 79 94 81 78 66 86 16 21 68 25 67 4 42 10 13 7 93 60 63 99 51 38 92 46 61 17 26 30
TEST 193 ARG:75 61 12 77 14 89 45 87 70 9 17 69 60 11 3 83 50 0 8 23 72 5 51 38 7 64 13 57 56 37 49 35 86 67 65 81 34 99 68 78 42 36 24 10 53 63 44 76 39 25 90 58 98 54 73 47 31 82 88 46 96 48 71 2 29 32 40 62 21 15 55 93 41 66 84 30 85 59 27 91 20 28 1 16 52 33 80 43 4 19 92 95 18 6 97 26 79 94 74 22
TEST 194 ARG:6 20 14 72 34 70 68 23 71 11 96 85 52 47 67 35 42 61 62 88 27 17 53 93 40 7 82 49 25 18 28 16 38 41 51 63 36 66 78 75 97 44 32 86 87 89 73 12 83 57 92 90 48 54 64 0 43 26 60 58 33 3 50 30 81 56 79 77 4 55 46 37 1 84 59 80 19 39 10 21 9 98 15 5 31 2 91 65 13 95 94 69 24 8 45 76 99 29 22 74
TEST 195 ARG:47 40 30 1 65 92 77 9 99 83 11 8 31 21 51 85 25 33 28 18 66 86 53 63 67 71 32 5 3 95 10 17 13 4 73 16 26 61 36 48 78 2 69 29 22 0 60 52 35 58 96 72 98 23 15 64 54 42 12 87 91 45 59 62 46 93 88 55 90 94 57 27 89 70 79 19 44 97 50 43 6 76 34 81 49 75 84 39 7 41 20 37 24 56 68 82 38 14 80 74
TEST 196 ARG:28 38 47 56 98 78 14 18 84 15 7 16 24 77 95 1 96 93 97 99 31 53 0 59 27 29 51 22 20 8 45 35 39 57 61 37 5 89 82 50 63 46 92 88 12 41 83 69 70 10 34 73 36 25 43 64 81 74 67 87 23 42 52 75 9 11 2 19 49 3 90 91 62 6 60 76 72 94 33 71 17 4 58 21 13 40 68 54 55 66 32 80 26 85 30 48 44 65 86 79
TEST 197 ARG:15 5 31 73 18 54 76 45 51 86 43 21 77 6 75 64 65 16 74 96 19 49 20 28 91 34 52 98 95 94 87 85 39 90 72 36 63 56 89 12 48 68 3 33 38 93 78 30 23 69 37 47 55 70 58 32 88 14 11 10 81 13 26 80 24 8 67 25 99 4 17 40 61 57 22 7 41 84 35 46 92 9 82 66 50 71 2 97 60 0 29 44 62 83 79 1 42 27 53 59
TEST 198 ARG:78 1 24 36 90 51 62 72 47 64 46 53 89 11 82 35 48 86 4 70 34 81 57 0 79 71 61 94 63 95 27 10 69 16 21 97 8 99 80 25 85 30 56 84 50 40 14 77 3 12 52 55 68 33 83 17 39 54 6 67 9 28 13 91 73 65 76 88 45 38 22 42 74 66 19 7 75 18 2 20 41 37 32 5 49 26 92 15 93 96 87 29 60 59 23 58 43 31 44 98
TEST 199 ARG:51 95 13 33 60 7 72 80 96 32 34 26 89 29 61 75 47 21 41 27 79 93 90 67 39 31 22 11 73 52 54 65 17 42 58 45 68 30 66 14 43 28 74 57 35 2 20 40 46 83 81 71 64 85 3 63 23 53 82 6 70 37 87 97 36 50 99 0 19 84 86 78 15 92 25 94 59 49 48 62 16 8 69 91 55 9 18 56 10 1 38 77 98 12 88 44 4 24 5 76
TEST 200 ARG:57 24 72 6 53 13 85 80 43 74 61 34 79 54 39 95 88 30 52 59 73 55 45 89 20 46 82 71 93 10 96 18 9 26 94 29 63 12 5 14 47 28 90 3 33 64 37 32 8 48 65 4 50 44 35 76 38 7 11 68 2 19 25 56 84 62 15 70 78 81 98 77 0 67 21 75 36 40 49 66 16 83 60 17 99 69 97 86 27 31 58 1 22 51 23 42 41 91 92 87
TEST 201 ARG:68 61 23 95 4 97 69 82 14 44 18 26 17 47 93 22 57 41 64 67 21 76 43 84 73 34 10 31 19 25 52 16 15 48 29 77 58 70 71 54 35 85 56 53 27 59 87 92 32 2 83 74 66 94 65 33 99 6 45 38 0 98 96 20 12 7 49 89 51 62 80 91 78 1 63 5 81 55 28 3 30 37 39 11 79 72 88 9 86 75 50 60 46 24 90 36 40 8 42 13
TEST 202 ARG:84 91 13 86 51 57 50 30 61 38 55 89 98 83 46 79 49 52 45 87 2 69 7 15 6 48 40 12 21 94 62 16 70 85 67 36 99 0 64 60 68 42 58 93 9 74 19 44 73 29 78 22 10 32 95 37 54 11 1 97 65 28 17 3 80 8 33 23 82 18 92 96 34 27 75 63 88 35 41 59 72 24 14 71 26 4 81 47 56 39 31 5 77 43 90 53 76 20 66 25
TEST 203 ARG:27 36 98 48 9 41 5 88 45 15 92 40 96 43 91 31 56 7 11 42 69 39 37 1 58 75 28 14 13 10 19 84 80 59 61 3 24 95 68 8 30 78 77 34 50 52 26 67 0 29 99 49 25 54 86 83 47 32 94 76 79 87 4 62 12 44 18 6 2 72 65 35 20 23 17 64 66 71 21 51 97 38 93 90 22 70 16 63 74 85 60 55 73 46 33 57 53 89 82 81
TEST 204 ARG:74 22 37 42 96 59 52 56 91 55 21 66 30 92 11 53 67 33 50 27 58 63 23 44 36 14 12 86 76 47 24 68 64 99 25 72 28 95 98 16 31 10 8 65 39 15 54 19 7 40 70 32 61 6 87 51 29 5 62 1 46 2 78 77 48 79 26 71 69 93 90 34 73 35 97 49 83 18 20 57 4 75 17 13 81 0 94 45 82 89 3 41 88 85 9 80 43 38 60 84
TEST 205 ARG:37 77 66 31 15 36 7 45 96 67 46 87 19 98 5 40 53 99 39 22 69 91 51 73 93 16 55 4 97 82 62 38 14 88 8 1 27 63 75 92 58 95 74 89 43 20 56 65 61 0 52 78 28 72 17 57 50 18 81 59 30 64 2 34 25 80 83 10 49 84 3 41 42 94 9 23 26 76 70 29 86 21 68 54 60 13 11 44 12 33 6 71 35 48 79 90 47 85 24 32
TEST 206 ARG:51 28 86 90 80 81 37 79 91 52 89 83 42 92 27 4 6 88 97 7 53 26 22 5 40 70 65 93 45 15 1 39 12 76 82 75 74 41 44 87 84 0 94 20 61 98 47 35 85 48 77 73 25 24 46 23 13 68 3 63 66 50 34 33 71 57 54 95 18 36 14 69 64 72 8 96 10 31 58 9 16 43 19 2 32 67 29 30 99 17 38 60 56 49 59 55 21 78 11 62
TEST 207 ARG:60 44 40 56 76 92 29 49 28 52 11 91 80 5 78 23 84 99 46 35 0 2 73 57 81 93 63 18 53 50 87 6 75 47 88 38 33 25 90 34 43 42 17 27 97 15 14 66 4 22 7 36 67 13 74 9 82 10 58 1 62 37 96 54 21 26 70 61 95 51 89 31 8 16 85 3 69 79 45 83 12 41 94 65 24 59 30 32 55 77 19 98 64 72 20 48 68 86 39 71
TEST 208 ARG:80 3 57 85 39 81 94 20 50 27 37 43 40 68 90 45 54 6 41 47 62 78 1 30 99 42 32 87 22 25 79 23 10 35 51 12 0 84 93 33 16 31 2 67 92 71 56 34 83 17 21 96 11 75 64 46 15 7 19 53 74 70 29 66 5 14 58 38 86 24 9 82 4 48 88 44 52 98 49 65 60 95 69 61 73 77 28 89 36 18 91 59 72 13 55 63 8 76 97 26
TEST 209 ARG:7 37 86 77 56 44 75 93 61 8 79 19 21 18 31 6 57 52 81 91 80 23 2 92 27 74 33 78 95 62 9 54 29 39 58 48 25 59 99 53 4 68 64 60 49 14 34 42 22 84 12 47 90 65 1 97 50 46 63 72 20 45 40 43 0 41 17 3 15 55 32 36 71 26 98 89 94 67 70 69 96 30 88 13 66 16 87 38 73 28 51 82 83 35 85 76 24 10 11 5
TEST 210 ARG:72 47 53 17 11 34 20 46 44 49 75 35 61 2 67 18 86 16 99 28 78 93 60 94 37 6 98 81 84 71 57 8 19 43 26 62 79 24 21 31 27 29 10 73 0 56 42 59 9 14 82 68 33 65 12 69 55 30 97 38 40 58 63 13 77 1 95 36 70 51 48 23 96 25 32 91 7 66 45 89 92 15 22 39 54 83 85 80 64 76 5 88 90 4 50 41 52 87 3 74
TEST 211 ARG:54 55 52 11 86 71 19 57 39 92 1 85 70 42 98 73 7 65 51 75 30 96 13 93 8 80 10 0 16 83 78 9 12 61 3 34 60 79 67 58 68 62 6 81 2 95 24 82 44 38 49 50 28 17 27 63 72 23 31 87 74 94 46 84 35 41 64 97 90 53 32 21 99 37 66 33 76 59 22 20 77 15 29 48 18 4 43 5 91 40 89 56 26 47 69 25 14 88 45 36
TEST 212 ARG:5 79 23 70 49 75 29 73 43 19 30 97 59 16 40 88 98 58 31 94 54 3 74 52 32 93 14 17 84 46 6 60 18 21 61 7 34 67 38 28 71 45 78 76 99 87 39 27 65 55 4 50 44 1 83 51 36 24 82 92 95 33 81 9 48 26 2 57 0 90 69 53 15 63 64 72 42 56 8 96 25 62 66 11 22 89 13 86 35 41 77 37 85 10 68 47 91 80 20 12
TEST 213 ARG:70 34 4 90 69 48 56 37 55 27 33 76 53 19 42 25 15 12 9 94 66 83 59 85 13 23 79 35 38 49 62 91 26 63 20 52 68 98 61 54 39 18 2 97 0 47 44 11 7 46 28 84 86 89 32 93 73 51 3 64 58 6 5 95 72 78 36 60 31 8 80 21 87 14 24 17 16 88 50 40 99 45 41 10 82 75 22 57 65 81 30 1 29 43 74 92 67 77 96 71
TEST 214 ARG:49 17 37 89 61 16 91 29 51 39 98 0 87 82 90 50 30 15 94 7 75 54 36 96 52 2 72 40 3 69 28 67 58 11 70 33 23 27 68 41 55 99 24 34 48 73 60 83 79 77 62 53 84 12 20 93 42 76 45 80 92 78 71 10 1 4 81 22 59 21 35 56 97 64 66 74 9 14 43 57 19 38 5 44 18 65 31 95 32 13 46 6 85 86 8 25 26 88 63 47
TEST 215 ARG:67 86 85 57 26 73 76 20 82 3 38 92 32 89 88 46 65 24 31 84 4 23 69 7 98 18 68 70 54 21 6 62 35 74 55 41 49 94 80 66 95 28 63 15 44 25 22 8 48 99 27 47 79 11 36 93 71 96 50 13 97 45 72 17 83 42 10 9 81 33 90 39 0 5 75 37 2 87 12 91 14 16 56 34 59 51 60 53 30 58 43 64 29 61 78 1 40 19 77 52
TEST 216 ARG:87 76 80 26 51 79 10 73 74 12 46 83 72 34 63 44 22 78 21 68 59 45 40 71 2 3 60 50 75 85 49 77 11 9 37 4 27 35 97 57 52 93 41 14 88 18 66 65 47 25 1 19 81 48 32 15 31 6 89 13 64 84 5 29 39 69 61 38 99 42 43 92 82 95 20 91 7 16 23 30 96 86 17 94 70 56 58 28 0 36 33 24 54 67 8 98 62 53 55 90
TEST 217 ARG:65 60 17 47 71 49 95 64 16 24 58 61 21 88 67 78 96 77 59 36 39 31 51 34 37 6 28 69 72 92 2 4 45 33 82 19 86 10 18 46 97 44 1 52 55 38 53 85 11 63 68 26 62 99 50 91 75 90 54 8 5 20 25 32 15 48 7 74 41 12 80 79 83 57 89 81 27 23 56 43 42 73 84 93 70 66 76 30 9 94 98 22 87 3 13 29 0 14 35 40
TEST 218 ARG:10 91 73 47 21 39 75 23 5 96 50 31 64 90 92 89 11 62 54 97 77 49 32 83 33 29 48 56 26 95 87 30 51 76 53 98 41 82 37 52 38 34 2 6 3 69 55 1 66 20 59 44 17 43 74 80 25 0 99 9 60 61 42 71 7 36 57 58 35 88 40 27 86 14 19 45 16 93 15 84 63 94 67 65 85 78 22 18 68 12 46 70 28 79 8 81 24 4 13 72
TEST 219 ARG:45 35 33 59 83 34 58 90 39 26 42 98 10 19 41 3 23 63 1 12 52 29 78 70 74 81 55 48 86 60 56 38 14 79 43 87 71 67 80 6 99 64 76 65 92 88 7 54 16 50 22 18 62 72 40 49 44 17 28 51 82 46 27 47 75 32 21 69 91 20 96 37 68 0 8 25 97 9 2 4 89 77 15 73 93 36 24 94 5 85 61 57 11 84 66 13 31 95 30 53
TEST 220 ARG:3 9 37 7 98 81 24 77 84 17 31 6 4 62 2 60 26 87 34 68 20 90 57 74 53 15 51 95 0 18 28 45 33 91 41 78 54 85 36 22 5 99 64 35 27 23 40 43 73 59 70 16 52 30 47 97 13 19 44 8 48 39 50 67 12 21 38 92 14 96 56 93 55 86 94 66 79 10 61 32 49 58 75 76 69 89 88 72 25 65 42 46 71 11 29 80 63 83 1 82
TEST 221 ARG:31 2 19 92 84 63 66 7 27 76 96 9 98 49 47 88 97 80 36 77 21 71 4 44 93 75 53 37 60 3 0 81 52 38 6 58 72 86 40 32 62 54 46 64 48 25 89 34 94 51 20 11 99 78 42 50 35 56 30 41 87 43 85 26 39 55 10 79 73 15 33 45 59 74 17 65 70 83 28 61 24 1 57 18 82 95 90 8 16 29 91 5 22 12 69 23 67 13 14 68
TEST 222 ARG:88 56 8 20 3 18 29 32 13 92 26 97 5 64 12 80 48 70 89 27 4 84 58 22 68 16 2 96 46 73 42 36 82 49 17 75 87 54 31 10 90 69 79 95 53 62 25 50 38 14 1 23 43 77 40 19 30 99 55 74 0 94 57 41 44 83 35 11 52 60 63 37 9 7 91 24 86 15 59 65 51 71 78 61 33 28 66 47 93 72 39 34 98 45 85 6 21 76 81 67
TEST 223 ARG:23 2 89 63 70 15 25 92 77 60 28 44 78 72 40 34 33 41 38 24 80 21 3 58 42 35 93 52 99 81 49 84 16 0 30 74 96 59 8 90 53 7 65 73 69 20 54 67 19 17 75 43 5 36 27 95 57 94 1 76 31 14 22 85 45 50 46 12 26 6 32 9 97 68 88 82 18 51 10 64 91 61 11 4 87 83 79 48 47 62 39 55 66 29 98 37 56 13 86 71
TEST 224 ARG:59 22 49 58 92 70 44 78 9 83 32 7 46 10 55 4 62 88 77 72 27 21 19 41 99 81 69 87 76 35 13 98 23 66 20 73 63 47 93 82 57 16 30 18 38 34 60 65 5 95 53 25 75 40 74 6 71 14 56 36 8 68 90 67 11 24 51 52 79 89 2 45 94 97 86 0 96 50 42 15 61 33 26 39 80 31 64 43 48 84 28 54 3 1 17 91 29 37 85 12
TEST 225 ARG:45 80 57 29 75 86 14 48 31 92 72 78 51 36 67 66 68 91 33 32 93 5 6 54 20 26 70 90 87 47 99 55 60 25 43 63 98 52 58 30 97 76 12 77 49 65 84 7 61 16 79 17 3 34 1 28 73 37 44 8 81 53 46 11 95 89 9 10 0 50 82 69 27 4 85 64 24 23 59 96 40 71 13 56 15 21 42 94 35 74 38 22 19 41 18 2 62 83 39 88
TEST 226 ARG:98 55 56 53 35 33 70 36 24 25 75 87 95 0 39 88 48 19 20 93 69 99 68 94 66 79 8 89 72 22 38 41 11 97 21 17 32 78 42 49 96 83 64 7 37 31 65 51 14 13 52 2 34 61 29 10 30 27 62 90 59 18 80 92 15 45 23 3 73 63 44 46 6 77 28 60 57 86 58 82 71 5 50 26 40 67 43 9 81 74 12 1 84 4 85 47 91 76 54 16
TEST 227 ARG:64 42 79 30 49 56 45 17 20 5 21 35 29 19 2 14 66 36 24 0 52 68 10 93 28 83 54 13 77 59 69 53 94 44 39 81 9 12 38 90 6 46 7 58 55 32 92 51 40 25 4 26 84 33 89 85 65 22 72 27 91 57 76 37 95 15 97 62 31 96 78 50 63 74 98 3 73 47 80 23 48 41 34 88 87 60 43 71 11 8 82 99 1 86 75 16 61 70 18 67
TEST 228 ARG:89 30 26 37 83 80 93 76 68 46 42 25 23 3 97 38 34 69 88 15 13 12 31 6 40 65 22 84 60 17 85 10 27 57 45 64 54 59 71 36 58 48 19 7 70 29 32 1 50 90 86 28 52 53 39 75 77 47 98 43 56 4 74 41 95 16 62 66 55 21 18 2 94 79 61 81 82 9 78 0 92 35 44 87 67 73 33 72 99 24 63 20 51 5 91 49 11 14 8 96
TEST 229 ARG:19 13 37 39 15 46 47 22 36 0 53 31 87 94 28 82 23 90 68 86 42 85 18 96 45 26 32 50 91 79 61 76 29 25 64 78 74 3 98 62 44 93 57 52 72 2 66 69 30 35 33 92 83 11 60 58 99 95 7 4 34 71 10 97 63 14 49 59 8 12 51 77 5 67 70 56 75 55 1 41 54 17 88 38 24 81 21 48 20 65 9 80 73 89 6 43 84 16 27 40
TEST 230 ARG:25 50 17 48 53 91 96 82 46 20 95 38 45 62 21 16 61 0 34 6 13 40 32 89 33 58 26 12 44 4 18 31 43 11 79 14 69 90 74 22 5 73 75 93 52 27 23 47 80 81 8 84 88 35 59 76 72 60 83 99 19 67 92 29 3 2 97 39 98 65 64 42 68 94 63 49 70 41 15 54 55 30 10 1 56 85 87 78 77 86 66 57 37 36 28 24 51 7 9 71
TEST 231 ARG:28 59 66 55 61 11 58 42 97 29 31 15 56 57 86 65 47 54 60 71 64 52 8 44 98 77 81 19 94 76 18 4 38 27 90 89 87 10 83 62 17 85 22 0 43 67 74 73 80 91 36 1 16 92 46 93 79 63 9 99 21 39 23 75 12 69 13 5 35 49 45 14 96 40 6 70 7 53 24 26 30 32 2 33 82 51 20 48 3 78 37 95 34 68 84 25 88 41 50 72
TEST 232 ARG:56 0 92 46 99 53 37 50 79 80 63 85 11 76 5 41 66 57 23 93 72 20 67 43 48 73 61 10 81 52 16 68 70 28 60 49 19 9 22 94 33 8 39 18 2 21 24 17 35 82 65 15 25 7 27 32 51 86 54 58 29 55 30 12 77 6 59 42 95 36 62 13 78 3 47 34 97 74 40 90 31 1 87 45 96 83 84 69 26 89 71 64 14 98 88 91 38 75 44 4
TEST 233 ARG:60 20 49 9 23 75 82 81 79 50 86 1 44 87 35 17 67 8 59 85 64 32 39 22 65 51 28 92 96 14 94 68 72 13 58 42 3 91 18 21 6 25 4 71 98 30 7 55 2 80 62 76 11 99 36 29 33 40 24 16 46 78 74 61 77 52 97 41 10 66 53 27 83 38 5 34 45 37 48 95 89 90 54 73 47 56 69 19 63 57 26 15 93 12 31 43 84 88 70 0
TEST 234 ARG:78 22 95 50 79 57 34 9 14 94 11 87 56 2 25 1 10 12 64 5 63 17 89 65 18 41 75 91 37 97 13 3 72 15 38 36 24 86 0 67 74 28 73 59 48 85 30 52 46 39 66 70 77 19 6 98 49 43 92 42 33 69 40 62 45 8 29 88 93 16 61 27 21 80 76 81 23 82 60 83 47 31 58 51 54 55 26 20 35 96 84 99 7 53 4 32 90 44 68 71
TEST 235 ARG:30 87 60 46 51 82 85 37 21 0 45 65 74 33 7 20 10 36 55 6 97 73 14 76 3 84 54 17 8 61 93 38 1 91 9 72 27 78 57 59 49 40 69 15 50 88 5 16 67 89 2 24 35 79 12 44 58 52 32 34 77 23 25 13 53 92 18 66 28 26 64 68 75 19 81 4 71 83 99 41 63 56 95 70 90 11 94 96 47 43 42 22 62 86 80 29 39 98 31 48
TEST 236 ARG:55 71 7 30 74 12 36 76 3 86 81 6 44 64 51 50 41 27 65 70 23 5 46 96 84 9 42 90 52 15 99 88 35 60 91 48 94 67 10 57 16 26 17 8 37 92 89 82 83 59 19 95 61 18 77 54 69 80 47 29 4 66 98 49 63 24 72 21 68 0 22 13 78 39 14 11 58 56 43 1 97 32 73 93 34 62 20 87 2 85 75 79 25 53 45 31 40 28 38 33
TEST 237 ARG:50 93 56 14 0 41 13 54 9 12 33 34 30 83 63 71 69 32 65 67 38 84 18 25 39 7 21 95 11 40 57 90 10 85 43 48 91 52 26 78 49 24 23 66 86 97 31 6 99 47 53 37 28 19 64 3 59 89 45 60 75 2 8 16 55 96 77 44 73 61 27 22 42 4 72 29 35 81 15 5 1 98 74 46 82 87 58 79 80 51 94 76 88 17 62 68 92 36 70 20
TEST 238 ARG:84 54 39 5 38 34 65 30 21 18 40 20 42 7 47 28 58 23 27 35 88 68 11 26 76 32 19 82 52 48 60 16 91 4 78 1 9 72 25 64 63 92 80 93 67 98 74 55 15 33 29 81 44 37 36 2 62 59 79 14 17 95 10 83 66 86 43 77 97 87 8 41 22 0 89 75 96 61 56 13 53 57 24 90 69 46 71 85 51 50 45 70 3 6 12 31 73 99 49 94
TEST 239 ARG:74 35 4 68 69 56 91 82 9 46 14 98 87 63 62 85 30 22 2 39 10 67 24 88 15 36 18 47 23 11 72 21 45 78 41 1 54 58 93 50 40 6 59 8 38 33 16 43 94 81 3 29 73 55 53 97 65 77 20 26 17 83 66 60 44 61 70 32 76 84 71 79 90 48 19 86 80 37 95 96 57 0 5 27 99 49 28 92 13 75 52 31 7 89 51 34 64 42 12 25
TEST 240 ARG:14 42 49 59 66 95 99 35 27 34 63 67 89 90 62 38 74 18 47 54 48 13 8 75 64 56 26 82 17 85 76 50 29 97 5 0 46 16 28 93 80 7 68 4 21 40 22 65 79 78 15 37 60 19 94 1 11 92 98 91 44 77 57 33 83 51 12 20 69 30 23 70 87 84 3 43 41 52 73 45 72 88 36 31 96 25 81 55 58 71 53 2 86 6 32 61 39 24 10 9
TEST 241 ARG:69 22 29 51 31 3 73 64 76 44 77 39 82 36 19 90 56 75 61 15 94 34 10 71 58 57 42 28 52 81 23 38 70 24 11 92 35 27 91 6 98 46 79 55 21 8 5 63 7 9 1 97 96 67 17 4 33 66 48 0 20 30 12 13 62 49 93 43 87 65 99 47 45 72 84 37 14 54 40 95 78 85 26 74 88 25 2 53 41 59 50 86 68 80 18 16 32 60 89 83
TEST 242 ARG:44 13 52 18 23 50 38 15 56 24 91 81 74 84 27 72 64 21 75 29 48 6 94 11 63 31 60 89 20 45 39 62 79 88 28 76 59 57 69 85 16 7 8 98 33 66 47 17 71 3 82 10 12 4 90 77 14 43 95 26 2 93 92 65 22 67 0 68 53 34 78 70 54 51 37 99 30 86 36 9 49 87 25 5 97 46 41 35 80 40 19 96 55 32 61 73 1 58 83 42
TEST 243 ARG:68 47 82 15 28 87 58 91 23 38 41 90 18 49 65 35 27 78 30 1 44 77 59 73 0 53 2 5 9 66 34 26 39 64 72 21 63 67 86 14 17 60 3 62 24 97 25 54 84 36 83 89 56 11 88 8 13 19 79 40 70 69 93 33 98 4 31 80 37 85 51 32 95 22 12 96 10 55 61 50 48 57 92 74 81 94 75 16 7 42 29 76 99 52 20 45 43 6 46 71
TEST 244 ARG:88 61 76 54 59 75 9 85 98 42 40 11 10 73 17 70 16 63 19 92 27 21 4 90 87 28 35 39 20 78 25 24 64 74 8 44 71 52 30 34 65 1 13 62 45 89 53 58 41 72 69 37 22 91 36 81 57 94 67 2 55 23 5 15 60 14 93 43 86 48 83 66 3 99 49 29 56 18 79 51 97 95 96 80 6 33 0 47 7 50 38 32 82 68 46 77 31 26 12 84
TEST 245 ARG:92 10 23 85 62 6 68 0 16 22 40 53 28 50 36 48 76 12 97 58 4 25 77 83 20 95 13 79 1 69 32 37 88 55 57 59 9 70 73 87 75 74 47 26 15 14 43 30 51 44 42 89 35 91 11 31 63 93 56 21 96 38 60 18 27 5 45 61 80 8 2 29 41 64 78 19 84 33 67 34 71 98 66 39 94 81 49 46 90 52 72 7 24 54 99 86 17 82 65 3
TEST 246 ARG:24 69 82 35 81 83 61 56 16 63 22 66 43 75 95 21 19 10 76 84 25 98 8 71 88 39 86 12 67 2 33 11 65 85 73 17 55 70 72 3 46 48 52 44 18 99 15 40 31 41 78 96 97 50 29 53 13 30 6 64 93 91 57 0 20 62 7 32 37 51 47 34 89 4 1 58 42 14 36 77 45 26 80 74 59 23 60 68 54 27 28 87 49 94 79 9 5 90 92 38
TEST 247 ARG:76 28 64 37 79 75 43 7 23 84 49 89 34 13 83 56 16 51 68 78 10 98 90 42 2 36 35 4 38 6 40 58 82 18 65 63 15 96 29 25 55 14 9 3 69 70 47 74 88 71 44 20 41 99 59 11 39 26 53 87 80 12 24 91 81 62 66 86 48 30 60 61 77 45 95 93 50 85 67 73 0 17 97 1 94 32 92 19 5 72 22 57 8 54 52 21 46 27 33 31
TEST 248 ARG:3 25 17 73 49 19 69 32 31 51 16 60 86 81 65 43 5 95 0 80 8 2 20 58 96 11 9 74 1 62 97 77 59 57 22 78 89 91 30 50 90 72 67 42 27 15 41 71 99 68 92 40 13 54 35 45 23 79 63 34 56 82 76 53 66 29 70 75 48 14 7 52 94 28 10 6 37 38 98 21 93 85 46 44 61 88 33 4 36 64 39 55 24 18 12 87 47 84 83 26
TEST 249 ARG:52 50 91 26 33 87 48 3 74 32 42 71 25 39 44 37 94 57 89 31 5 68 82 59 21 85 73 12 40 66 97 90 28 47 34 61 53 88 92 4 22 38 49 9 7 99 69 79 58 13 70 2 65 16 10 15 11 60 17 8 86 0 76 78 63 20 45 80 77 56 23 14 51 41 36 81 6 67 55 29 24 83 27 72 98 95 64 19 75 62 84 30 96 1 54 35 18 93 43 46
TEST 250 ARG:51 83 50 52 27 32 64 40 41 54 22 18 92 45 58 6 71 91 68 4 86 63 30 19 79 21 61 66 2 35 89 75 81 53 60 24 76 37 84 98 67 29 12 23 94 25 33 11 77 62 56 73 28 97 95 85 90 36 9 0 16 46 47 39 48 57 72 34 20 38 1 78 26 31 55 44 7 3 69 82 43 13 5 10 88 8 96 42 17 87 15 74 14 93 80 59 70 49 99 65
Multiple size <= 500
TEST 1 ARG:-122 -89 196 166 10 -132 -171 239 -191 -55 -198 249 5 217 81 112 -80 -22 -111 24 49 -229 221 -39 -126 127 -201 86 139 -146 125 200 -59 4 92 55 -188 -99 -109 165 -214 230 189 78 226 -166 -32 -237 -153 -5 -77 -13 -112 -144 -108 120 213 -123 -203 154 22 232 20 30 193 -211 104 -156 54 16 -160 65 157 95 -196 -165 -215 -4 -155 -12 -73 134 101 -182 175 -9 87 -170 -199 152 220 -149 -174 -71 247 -162 -230 -185 229 236 -82 -243 167 -225 244 -93 131 -226 183 -231 -177 77 -36 -163 -167 -34 184 163 6 -35 -161 19 -240 62 -195 201 -142 132 -33 9 8 50 147 -47 -106 59 128 98 137 27 -148 206 -2 -151 3 116 155 150 -18 121 -1 188 -135 -81 -208 -92 -217 100 96 126 -209 171 199 11 -227 107 -120 -17 -143 -172 88 -63 -235 -49 170 145 93 75 15 -100 13 -200 -104 -158 -210 -223 -95 194 -176 -205 -48 197 36 -7 94 -186 90 -52 -27 210 -3 25 -213 117 205 -147 -72 -238 40 -50 -84 -44 44 -202 -68 -65 48 -150 -218 39 129 241 -236 42 216 -6 57 32 164 243 14 176 114 -38 158 -20 -58 45 248 74 -102 37 35 173 -64 -29 41 -219 85 245 178 -193 -70 -25 -101 -119 -207 140 204 -62 169 212 177 97 123 18 -197 156 180 66 46 192 222 -224 -10 17 -19 233 111 -97 -37 89 -221 69 -8 -152 234 -136 -145 144 -96 118 187 -222 84 52 -220 -15 -141 -98 -248 -28 195 -31 207 -40 -66 198 115 -140 -234 143 -54 -178 136 -138 -87 91 71 -157 102 -56 -76 161 67 -45 -57 110 82 -103 185 -21 -168 -43 -192 211 174 -121 159 53 72 -60 70 29 231 -242 202 218 76 160 68 191 -124 34 -42 -180 246 -114 149 -239 -94 208 109 223 -69 -194 -179 -105 214 -247 28 80 -183 -125 -127 -46 -204 108 119 182 -212 -113 -233 99 -78 237 -131 -181 -130 181 -241 227 43 141 60 -53 58 179 -187 138 209 47 -75 79 106 -110 130 26 -139 162 153 -184 -175 -164 190 -91 64 235 186 -118 -129 -115 -30 228 172 242 -88 105 -24 -67 33 113 61 225 38 -107 -244 -154 -190 -79 -74 -128 -26 56 215 51 -116 83 -83 63 151 -85 -90 -14 -159 -250 203 0 -189 -216 224 21 -16 -169 -41 103 -23 -61 133 135 146 219 -86 -206 -173 -228 2 238 122 -133 240 -51 142 31 124 23 148 73 -11 12 -137 -249 7 -134 -117 -232 -246 168 -245 1
TEST 1 ARG:-122 -89 196 166 10 -132 -171 239 -191 -55 -198 249 5 217 81 112 -80 -22 -111 24 49 -229 221 -39 -126 127 -201 86 139 -146 125 200 -59 4 92 55 -188 -99 -109 165 -214 230 189 78 226 -166 -32 -237 -153 -5 -77 -13 -112 -144 -108 120 213 -123 -203 154 22 232 20 30 193 -211 104 -156 54 16 -160 65 157 95 -196 -165 -215 -4 -155 -12 -73 134 101 -182 175 -9 87 -170 -199 152 220 -149 -174 -71 247 -162 -230 -185 229 236 -82 -243 167 -225 244 -93 131 -226 183 -231 -177 77 -36 -163 -167 -34 184 163 6 -35 -161 19 -240 62 -195 201 -142 132 -33 9 8 50 147 -47 -106 59 128 98 137 27 -148 206 -2 -151 3 116 155 150 -18 121 -1 188 -135 -81 -208 -92 -217 100 96 126 -209 171 199 11 -227 107 -120 -17 -143 -172 88 -63 -235 -49 170 145 93 75 15 -100 13 -200 -104 -158 -210 -223 -95 194 -176 -205 -48 197 36 -7 94 -186 90 -52 -27 210 -3 25 -213 117 205 -147 -72 -238 40 -50 -84 -44 44 -202 -68 -65 48 -150 -218 39 129 241 -236 42 216 -6 57 32 164 243 14 176 114 -38 158 -20 -58 45 248 74 -102 37 35 173 -64 -29 41 -219 85 245 178 -193 -70 -25 -101 -119 -207 140 204 -62 169 212 177 97 123 18 -197 156 180 66 46 192 222 -224 -10 17 -19 233 111 -97 -37 89 -221 69 -8 -152 234 -136 -145 144 -96 118 187 -222 84 52 -220 -15 -141 -98 -248 -28 195 -31 207 -40 -66 198 115 -140 -234 143 -54 -178 136 -138 -87 91 71 -157 102 -56 -76 161 67 -45 -57 110 82 -103 185 -21 -168 -43 -192 211 174 -121 159 53 72 -60 70 29 231 -242 202 218 76 160 68 191 -124 34 -42 -180 246 -114 149 -239 -94 208 109 223 -69 -194 -179 -105 214 -247 28 80 -183 -125 -127 -46 -204 108 119 182 -212 -113 -233 99 -78 237 -131 -181 -130 181 -241 227 43 141 60 -53 58 179 -187 138 209 47 -75 79 106 -110 130 26 -139 162 153 -184 -175 -164 190 -91 64 235 186 -118 -129 -115 -30 228 172 242 -88 105 -24 -67 33 113 61 225 38 -107 -244 -154 -190 -79 -74 -128 -26 56 215 51 -116 83 -83 63 151 -85 -90 -14 -159 -250 203 0 -189 -216 224 21 -16 -169 -41 103 -23 -61 133 135 146 219 -86 -206 -173 -228 2 238 122 -133 240 -51 142 31 124 23 148 73 -11 12 -137 -249 7 -134 -117 -232 -246 168 -245 1
TEST 2 ARG:-23 21 -113 -74 -139 -71 -176 102 149 -125 79 -2 -77 -210 -220 -26 -193 -179 -223 -182 2 -92 -11 -43 14 171 111 -4 -62 136 34 -245 -148 16 240 181 -169 -208 -114 223 249 -14 -39 -85 74 221 -84 239 -58 -209 -12 200 -10 -87 24 -97 -172 -243 168 -224 -30 -201 -63 86 -115 98 -236 25 -186 -211 42 192 53 -118 187 145 -206 -59 -185 51 -93 -196 -248 188 65 -145 -180 201 4 -13 -126 87 135 71 -238 32 122 -237 -38 -215 -47 -73 237 26 23 -228 46 247 31 147 -187 185 -55 12 -68 178 -235 -104 -234 -244 -247 191 177 142 -112 1 -219 -98 -40 38 -226 148 232 -249 55 40 94 129 -163 198 -121 -190 -17 137 -250 -88 93 49 -46 119 -1 -31 -90 72 179 -207 146 82 -240 153 -35 161 -56 139 174 -82 173 131 7 210 54 15 105 -42 -230 27 130 -110 -135 227 110 -102 -132 -165 159 58 67 78 28 -155 91 -69 215 -75 141 -146 242 117 116 -188 -34 -218 -170 -203 -22 162 35 -37 -166 132 -100 156 158 -89 -232 -246 228 13 11 -147 -204 -36 203 -136 30 -127 212 234 238 39 -86 63 -195 -106 -129 -91 -124 9 10 246 -174 -214 -19 144 -21 193 -101 -16 73 220 -150 -66 118 -162 -168 88 -241 126 95 -213 -117 5 8 59 124 -51 -221 -120 -52 6 167 -33 -99 -32 222 205 103 64 68 155 92 -50 -200 226 208 44 -242 -239 -109 29 85 83 204 -44 -108 183 56 -94 -95 108 104 -107 -61 75 -198 -140 60 150 -41 -161 37 77 61 -27 -116 101 209 17 -119 81 80 3 -67 235 -160 123 175 -143 154 -76 -48 202 52 -24 121 -151 48 -111 -227 97 99 219 152 120 199 216 -20 19 43 -79 22 151 127 66 134 41 -128 -53 -159 -171 197 69 -192 -156 -103 217 -8 -164 84 107 -28 125 -212 -202 -81 -231 165 115 233 172 -80 229 -177 -205 236 -6 169 76 113 18 -15 -141 230 -29 163 194 -70 207 -96 211 47 33 -158 106 138 -83 -217 50 -123 -153 184 -64 248 70 186 206 -49 -216 -131 -175 -18 45 160 241 112 -130 164 -197 114 182 0 -133 -189 -72 128 -154 245 -222 196 -45 -138 -173 166 143 -184 -7 -191 243 -152 -199 -183 -144 231 -137 -3 -5 90 -149 20 -54 57 100 -167 140 180 170 157 -65 225 96 -60 36 109 -105 -178 -157 224 -134 189 213 -229 -142 190 -122 218 62 195 176 -25 -233 -194 -9 89 -57 -225 244 -181 133 -78 214
TEST 2 ARG:-23 21 -113 -74 -139 -71 -176 102 149 -125 79 -2 -77 -210 -220 -26 -193 -179 -223 -182 2 -92 -11 -43 14 171 111 -4 -62 136 34 -245 -148 16 240 181 -169 -208 -114 223 249 -14 -39 -85 74 221 -84 239 -58 -209 -12 200 -10 -87 24 -97 -172 -243 168 -224 -30 -201 -63 86 -115 98 -236 25 -186 -211 42 192 53 -118 187 145 -206 -59 -185 51 -93 -196 -248 188 65 -145 -180 201 4 -13 -126 87 135 71 -238 32 122 -237 -38 -215 -47 -73 237 26 23 -228 46 247 31 147 -187 185 -55 12 -68 178 -235 -104 -234 -244 -247 191 177 142 -112 1 -219 -98 -40 38 -226 148 232 -249 55 40 94 129 -163 198 -121 -190 -17 137 -250 -88 93 49 -46 119 -1 -31 -90 72 179 -207 146 82 -240 153 -35 161 -56 139 174 -82 173 131 7 210 54 15 105 -42 -230 27 130 -110 -135 227 110 -102 -132 -165 159 58 67 78 28 -155 91 -69 215 -75 141 -146 242 117 116 -188 -34 -218 -170 -203 -22 162 35 -37 -166 132 -100 156 158 -89 -232 -246 228 13 11 -147 -204 -36 203 -136 30 -127 212 234 238 39 -86 63 -195 -106 -129 -91 -124 9 10 246 -174 -214 -19 144 -21 193 -101 -16 73 220 -150 -66 118 -162 -168 88 -241 126 95 -213 -117 5 8 59 124 -51 -221 -120 -52 6 167 -33 -99 -32 222 205 103 64 68 155 92 -50 -200 226 208 44 -242 -239 -109 29 85 83 204 -44 -108 183 56 -94 -95 108 104 -107 -61 75 -198 -140 60 150 -41 -161 37 77 61 -27 -116 101 209 17 -119 81 80 3 -67 235 -160 123 175 -143 154 -76 -48 202 52 -24 121 -151 48 -111 -227 97 99 219 152 120 199 216 -20 19 43 -79 22 151 127 66 134 41 -128 -53 -159 -171 197 69 -192 -156 -103 217 -8 -164 84 107 -28 125 -212 -202 -81 -231 165 115 233 172 -80 229 -177 -205 236 -6 169 76 113 18 -15 -141 230 -29 163 194 -70 207 -96 211 47 33 -158 106 138 -83 -217 50 -123 -153 184 -64 248 70 186 206 -49 -216 -131 -175 -18 45 160 241 112 -130 164 -197 114 182 0 -133 -189 -72 128 -154 245 -222 196 -45 -138 -173 166 143 -184 -7 -191 243 -152 -199 -183 -144 231 -137 -3 -5 90 -149 20 -54 57 100 -167 140 180 170 157 -65 225 96 -60 36 109 -105 -178 -157 224 -134 189 213 -229 -142 190 -122 218 62 195 176 -25 -233 -194 -9 89 -57 -225 244 -181 133 -78 214
TEST 3 ARG:-70 0 -74 -246 52 237 -214 -26 47 -86 -245 221 84 86 -174 -60 202 122 180 114 -77 141 -69 39 137 143 139 26 229 35 -71 189 -56 205 103 142 56 155 19 -9 -78 -62 1 184 -103 78 49 -16 151 94 156 -8 97 167 79 24 145 121 239 127 -182 171 -181 -129 -165 -187 173 -217 -180 210 -123 -147 53 -197 -120 23 -53 77 -64 -59 -37 -116 -49 -146 246 -218 -232 -127 123 -141 193 -221 25 -19 106 -36 -233 75 -80 -95 -185 -175 -237 -41 96 76 2 44 -156 -144 -240 72 48 -145 -162 -81 176 116 212 -149 -239 -195 -106 200 225 -179 -222 -97 18 -171 -172 -101 133 -125 -205 50 -193 174 -40 82 -135 220 -243 -132 187 21 124 54 216 -134 6 118 -51 215 -163 -88 195 201 -11 -139 46 -230 183 -204 -15 4 31 132 158 211 108 236 149 36 188 59 157 55 -148 -94 -42 -164 -192 66 129 -158 -87 -201 67 98 -25 219 247 -52 9 92 -128 -43 -238 125 -227 -167 -93 169 -79 150 37 191 -84 60 83 -219 -160 207 -241 130 90 -72 115 -110 -225 112 -213 -226 14 61 -118 152 87 -14 -242 -12 244 -137 227 105 -236 -186 -90 -61 109 163 -142 -169 -231 186 -32 -83 -140 -133 166 -82 -247 182 233 -17 214 -152 110 248 -75 -67 -2 -131 -112 32 -105 -13 198 204 12 3 223 -223 -38 -107 -35 -24 243 -65 -208 -154 146 168 -244 -159 235 -151 -191 -228 217 -150 102 181 -111 -31 -177 -28 -7 -229 -66 -157 -126 -20 -168 -18 -50 71 194 -102 81 203 42 -143 -29 80 -45 -85 34 -76 -114 33 73 177 -188 226 101 120 41 -198 68 249 27 62 -234 -190 -176 -21 -210 -23 144 228 -3 111 63 -209 238 231 -55 74 199 -199 -44 -99 -155 136 -138 -196 -5 113 -39 209 107 160 -202 -215 170 -108 -115 190 213 -121 29 -124 45 242 154 65 51 -96 100 -203 135 138 43 240 95 175 -91 208 224 28 245 -166 10 -224 126 -33 -100 -235 -47 -92 -220 -200 -27 -1 -249 -30 159 30 162 85 16 128 -122 5 119 -207 7 89 64 -212 -189 230 8 17 -48 164 -248 -46 -10 70 -183 218 15 -4 -73 -216 117 -22 -109 -184 -98 -119 -211 134 148 -136 131 13 222 -170 -113 104 232 172 185 91 -250 165 179 -63 234 241 -178 161 -153 -194 69 -117 196 -57 93 -58 99 -89 -173 -104 140 -68 38 -161 206 -130 58 -6 -206 11 153 178 192 197 147 40 88 -54 57 -34 20 22
TEST 3 ARG:-70 0 -74 -246 52 237 -214 -26 47 -86 -245 221 84 86 -174 -60 202 122 180 114 -77 141 -69 39 137 143 139 26 229 35 -71 189 -56 205 103 142 56 155 19 -9 -78 -62 1 184 -103 78 49 -16 151 94 156 -8 97 167 79 24 145 121 239 127 -182 171 -181 -129 -165 -187 173 -217 -180 210 -123 -147 53 -197 -120 23 -53 77 -64 -59 -37 -116 -49 -146 246 -218 -232 -127 123 -141 193 -221 25 -19 106 -36 -233 75 -80 -95 -185 -175 -237 -41 96 76 2 44 -156 -144 -240 72 48 -145 -162 -81 176 116 212 -149 -239 -195 -106 200 225 -179 -222 -97 18 -171 -172 -101 133 -125 -205 50 -193 174 -40 82 -135 220 -243 -132 187 21 124 54 216 -134 6 118 -51 215 -163 -88 195 201 -11 -139 46 -230 183 -204 -15 4 31 132 158 211 108 236 149 36 188 59 157 55 -148 -94 -42 -164 -192 66 129 -158 -87 -201 67 98 -25 219 247 -52 9 92 -128 -43 -238 125 -227 -167 -93 169 -79 150 37 191 -84 60 83 -219 -160 207 -241 130 90 -72 115 -110 -225 112 -213 -226 14 61 -118 152 87 -14 -242 -12 244 -137 227 105 -236 -186 -90 -61 109 163 -142 -169 -231 186 -32 -83 -140 -133 166 -82 -247 182 233 -17 214 -152 110 248 -75 -67 -2 -131 -112 32 -105 -13 198 204 12 3 223 -223 -38 -107 -35 -24 243 -65 -208 -154 146 168 -244 -159 235 -151 -191 -228 217 -150 102 181 -111 -31 -177 -28 -7 -229 -66 -157 -126 -20 -168 -18 -50 71 194 -102 81 203 42 -143 -29 80 -45 -85 34 -76 -114 33 73 177 -188 226 101 120 41 -198 68 249 27 62 -234 -190 -176 -21 -210 -23 144 228 -3 111 63 -209 238 231 -55 74 199 -199 -44 -99 -155 136 -138 -196 -5 113 -39 209 107 160 -202 -215 170 -108 -115 190 213 -121 29 -124 45 242 154 65 51 -96 100 -203 135 138 43 240 95 175 -91 208 224 28 245 -166 10 -224 126 -33 -100 -235 -47 -92 -220 -200 -27 -1 -249 -30 159 30 162 85 16 128 -122 5 119 -207 7 89 64 -212 -189 230 8 17 -48 164 -248 -46 -10 70 -183 218 15 -4 -73 -216 117 -22 -109 -184 -98 -119 -211 134 148 -136 131 13 222 -170 -113 104 232 172 185 91 -250 165 179 -63 234 241 -178 161 -153 -194 69 -117 196 -57 93 -58 99 -89 -173 -104 140 -68 38 -161 206 -130 58 -6 -206 11 153 178 192 197 147 40 88 -54 57 -34 20 22
